Random seeded populations, ran on 2/14/2017 12:03:43 PM
1 populations in 20.93688 seconds
0.005815799hours 0.348948minutes 20.93688 seconds
Average generations reached : 264
Highest generation reached : 264
Lowest generation reached : 264
Longest matrix (264 generations) : 

0 0 0 0 0 1 1 1 0 1 1 0 1 0 1 1 1 0 1 0 1 0 0 1 0 0 1 1 1 1 1 0 0 0 0 1 1 0 1 1 1 0 0 1 0 1 0 0 0 0 1 1 0 1 1 0 1 1 0 0 0 0 0 0 
1 0 0 1 1 1 0 1 1 1 1 0 0 0 0 1 0 0 0 1 1 1 1 0 0 0 1 1 0 1 1 0 0 0 0 1 0 1 1 1 0 0 0 1 0 1 1 0 0 0 1 0 0 0 1 1 0 1 0 0 1 0 0 1 
1 1 1 1 1 0 1 1 1 0 1 1 0 0 1 1 1 0 1 1 1 1 0 0 1 1 1 1 1 0 1 0 0 0 1 1 0 1 0 0 1 1 1 1 0 1 0 0 0 1 0 1 0 1 0 1 0 0 0 1 0 1 0 0 
0 0 0 0 1 0 1 1 1 0 1 0 1 0 1 0 0 1 0 1 1 1 1 0 0 0 1 0 0 1 0 0 1 1 1 1 0 0 0 0 0 0 0 0 1 1 0 1 0 1 1 0 0 0 1 0 0 0 1 1 1 1 1 1 
1 1 0 0 0 1 0 1 0 0 1 0 0 0 0 0 1 0 1 1 1 0 0 1 1 0 1 0 1 1 0 0 0 0 0 0 1 0 1 1 1 1 0 1 1 0 0 1 0 1 0 1 1 0 1 0 0 1 1 1 1 0 1 1 
0 1 0 0 1 1 1 0 0 1 0 0 1 0 0 1 1 1 0 1 0 0 0 1 0 1 1 1 1 0 1 0 1 1 0 1 1 0 1 1 0 0 0 0 1 1 1 0 1 1 1 0 0 1 0 0 0 1 1 1 0 0 1 1 
0 1 0 0 1 0 0 0 1 1 0 0 0 1 0 1 0 1 0 0 1 0 1 0 0 0 0 0 0 0 1 1 1 0 0 0 0 1 1 1 1 0 0 1 1 1 0 1 0 1 1 0 0 0 0 1 1 0 0 0 0 1 0 1 
0 0 0 0 0 0 0 0 0 0 1 1 0 1 1 0 1 0 0 0 1 1 0 0 0 0 0 0 1 1 1 1 1 1 0 0 1 0 1 1 0 1 0 1 1 0 0 0 0 0 0 1 0 1 1 0 0 1 0 0 0 0 0 0 
0 0 1 1 0 1 0 0 0 1 0 1 1 0 0 0 1 0 0 1 0 1 1 0 0 0 0 0 1 1 0 0 0 1 0 0 0 0 0 0 1 0 1 0 0 0 0 0 1 1 1 0 1 0 0 0 1 0 0 0 1 0 0 0 
0 0 0 0 1 0 1 1 1 1 0 0 1 1 0 1 0 1 1 0 1 1 0 0 0 1 1 0 0 1 0 0 1 1 0 1 0 1 0 0 0 1 0 1 0 0 0 0 1 0 1 1 1 0 1 0 0 0 0 1 0 1 1 0 
1 1 1 1 1 0 0 0 1 0 1 0 1 1 1 1 0 1 0 0 1 0 0 1 1 1 1 0 0 0 0 1 0 0 1 1 0 0 0 1 1 0 0 1 1 1 1 1 1 1 1 1 0 1 1 1 0 0 1 0 1 0 0 0 
0 1 1 1 0 1 1 1 1 0 0 0 0 0 1 0 0 1 0 0 1 0 1 1 0 0 1 0 0 1 1 1 1 0 0 1 1 1 0 1 1 1 1 0 1 0 1 0 1 0 0 1 0 1 0 1 0 1 1 1 1 1 1 0 
0 0 0 0 0 0 0 1 0 1 0 1 0 0 0 1 0 1 0 0 1 0 0 0 1 0 0 1 1 0 1 0 1 1 1 0 1 1 1 0 0 0 0 0 1 0 1 1 1 1 1 1 0 0 0 1 0 0 1 0 0 1 1 0 
1 0 1 0 0 0 1 0 1 0 1 1 1 0 0 1 0 1 0 0 0 0 1 1 0 0 1 1 0 0 1 1 0 0 1 0 0 1 0 1 1 0 0 0 0 1 1 1 0 0 1 0 1 1 0 0 0 0 0 0 1 0 1 0 
1 0 1 0 0 0 1 0 1 0 0 0 1 0 1 1 0 0 0 0 1 0 1 0 0 1 0 1 1 1 0 1 1 1 0 0 0 1 1 0 1 1 1 0 1 0 1 1 0 0 1 0 0 0 0 1 1 0 1 0 1 0 1 0 
0 0 1 0 0 0 0 1 0 1 0 0 0 1 0 0 1 0 1 1 1 0 1 0 0 1 0 1 1 0 0 0 1 0 0 1 0 1 1 0 1 0 1 1 1 1 0 0 0 1 1 0 1 1 0 1 0 1 0 0 1 0 1 0 
0 0 1 0 1 0 0 1 0 0 1 0 0 0 0 1 1 1 1 0 1 0 1 1 1 1 0 0 0 1 0 1 1 0 0 0 0 1 1 0 1 0 1 0 0 1 0 1 0 1 0 1 0 0 0 0 1 0 0 1 1 0 1 1 
1 0 0 0 0 0 1 1 0 1 0 0 0 0 1 0 1 0 1 1 1 0 0 1 1 0 1 1 0 1 0 0 1 1 1 1 0 1 1 0 0 0 1 1 0 1 1 1 0 0 0 0 0 0 1 1 0 0 1 0 0 1 0 1 
0 0 0 0 0 1 1 0 0 0 0 1 1 0 1 1 0 0 1 0 0 1 1 1 0 0 1 0 0 1 1 0 1 1 1 1 1 0 1 1 0 0 0 1 1 0 1 1 0 0 0 0 1 0 0 0 1 1 0 0 0 1 0 1 
1 1 0 0 0 1 1 0 0 1 0 1 1 0 0 0 0 1 0 1 0 1 0 1 1 0 0 1 0 0 1 1 0 0 0 1 1 0 1 1 1 1 0 1 1 0 0 1 1 0 1 1 0 0 1 0 0 1 1 1 1 0 1 0 
0 1 0 1 1 0 1 1 0 1 1 1 0 1 0 1 1 1 1 0 1 1 0 0 0 0 0 0 1 0 0 0 1 0 1 0 1 0 0 0 0 0 1 1 0 0 1 1 0 0 1 1 1 1 0 1 1 1 0 0 0 0 0 0 
0 0 0 0 0 1 0 1 1 1 1 1 1 0 0 1 1 1 0 0 1 0 1 0 1 1 1 0 1 0 0 0 1 0 1 0 1 0 0 0 0 1 0 0 1 1 0 1 1 0 1 0 0 1 0 1 1 1 1 0 0 0 0 0 
0 1 1 1 1 1 1 0 1 0 0 0 1 1 1 1 0 0 0 0 1 0 1 0 0 0 1 1 1 1 1 0 1 1 0 1 1 1 0 0 1 0 0 1 0 0 0 1 0 0 0 1 1 0 0 1 0 1 1 1 1 1 0 1 
1 0 0 1 0 1 0 1 1 1 1 1 1 1 0 0 1 0 0 1 0 1 1 0 0 0 1 0 0 0 1 1 1 0 0 1 1 0 1 1 1 1 1 1 0 0 1 0 1 1 1 0 1 1 0 0 0 0 0 0 0 1 1 0 
0 0 0 0 1 0 1 0 0 1 0 0 0 1 1 1 0 1 1 0 0 0 0 0 1 0 1 0 1 1 0 0 0 0 1 0 1 1 0 1 1 0 1 0 0 0 1 1 1 1 0 0 1 1 0 0 1 1 0 0 1 0 0 1 
0 0 1 0 1 1 0 1 0 1 1 0 0 0 1 0 0 1 1 1 1 1 0 1 1 1 0 1 0 1 0 0 1 1 0 0 0 0 0 0 1 0 0 1 1 0 1 1 1 1 0 1 0 0 1 0 0 0 1 1 0 1 0 1 
0 0 0 1 1 0 1 0 1 0 0 0 1 1 1 1 1 1 1 1 0 0 0 1 1 0 0 0 0 1 0 0 0 1 1 0 1 1 0 0 0 0 1 1 0 1 0 1 0 0 1 1 1 0 0 0 0 1 0 0 1 1 1 1 
0 1 0 0 0 0 0 1 1 1 0 0 0 1 0 0 1 1 1 1 1 0 1 1 1 1 1 1 0 1 0 0 0 0 0 1 0 0 0 0 1 1 1 1 0 1 0 1 1 1 1 0 1 1 1 1 1 1 0 1 1 1 1 0 
0 0 1 1 1 0 0 1 0 0 1 0 0 0 0 1 0 1 0 1 1 0 0 0 1 1 0 0 0 1 0 1 1 1 1 1 0 1 1 0 0 0 0 0 1 0 0 1 0 0 0 1 1 1 1 0 1 0 0 1 0 0 0 0 
0 0 0 1 0 1 0 0 1 1 1 0 1 1 0 1 0 1 1 0 1 0 0 1 1 1 0 0 1 1 0 1 1 1 0 1 1 0 0 0 0 1 1 1 1 0 0 0 0 1 0 1 0 0 0 1 0 0 1 1 1 0 0 1 
1 1 1 0 0 1 0 1 0 0 1 0 1 0 1 0 1 0 0 1 0 1 1 1 0 0 1 0 1 0 0 0 1 1 1 0 0 1 1 0 1 1 1 0 0 0 1 1 0 1 0 0 1 1 0 0 0 1 1 0 0 0 0 0 
0 0 1 0 1 0 0 1 0 1 0 0 0 0 1 1 1 0 1 1 0 0 0 1 1 0 1 0 1 1 0 1 1 1 0 0 0 0 0 0 1 1 0 0 0 1 0 1 1 0 0 0 0 0 1 0 0 0 0 1 1 0 0 0 
1 1 0 1 1 1 0 0 0 0 0 1 0 0 1 1 1 0 0 1 0 0 0 0 1 0 1 0 0 0 0 1 0 1 0 1 0 1 0 0 0 0 0 0 1 1 0 1 1 1 0 0 1 1 0 1 0 0 0 1 0 0 0 0 
0 0 1 0 0 1 1 1 1 1 1 1 1 0 0 1 0 0 1 0 1 1 0 1 0 1 1 0 0 1 1 1 0 1 1 1 1 1 0 0 0 0 0 1 1 1 0 0 0 1 0 0 0 1 1 1 1 0 1 1 0 0 1 1 
1 0 1 0 1 1 0 1 1 1 1 1 0 1 0 0 1 0 0 0 1 1 0 0 1 1 1 1 0 0 1 1 1 1 0 0 0 0 1 0 0 1 1 1 0 1 1 0 0 0 1 1 1 0 1 0 0 1 1 0 1 1 1 1 
0 0 1 0 1 1 0 0 1 0 1 0 0 0 0 0 1 1 0 0 1 0 1 0 1 1 1 0 0 0 0 1 0 1 1 1 1 0 0 0 1 1 0 1 1 0 1 0 0 1 1 0 1 1 0 0 0 1 0 0 0 1 0 0 
1 1 0 1 1 0 1 1 0 1 0 0 1 1 1 1 1 1 1 1 0 0 1 1 0 0 0 0 0 0 1 0 1 0 0 1 1 1 1 1 1 0 1 0 0 0 1 0 0 1 1 0 1 1 0 1 1 1 0 0 0 1 0 1 
0 1 0 0 0 1 0 0 1 1 0 1 1 0 0 0 0 0 1 0 1 1 0 1 1 1 1 0 1 0 0 1 0 1 0 0 1 1 1 0 1 0 0 0 1 0 0 0 0 1 1 0 0 1 0 0 1 1 1 1 1 0 1 0 
1 1 1 1 0 1 1 0 1 0 0 1 0 1 0 1 0 0 1 0 0 1 1 1 0 0 0 1 0 0 0 1 0 1 1 1 1 0 1 1 1 0 1 1 0 0 0 1 1 0 0 0 0 0 1 1 1 1 1 1 0 1 1 1 
1 1 0 1 1 0 1 1 1 0 1 1 1 0 0 1 1 0 1 0 0 1 0 0 1 1 0 1 0 0 1 0 0 1 0 1 0 1 1 0 1 0 0 1 0 1 1 0 1 1 1 0 1 0 0 1 1 0 1 0 0 0 0 1 
0 0 1 0 1 0 0 1 1 1 0 1 1 0 0 0 1 1 1 1 1 1 1 1 0 0 1 1 0 1 0 0 0 0 1 1 1 0 0 1 1 0 1 0 0 0 1 1 0 0 1 0 0 1 1 0 1 0 0 0 0 0 1 1 
1 0 1 0 1 1 0 0 0 1 1 1 1 0 0 1 1 1 1 1 1 1 0 0 0 1 1 1 1 1 0 1 1 0 0 0 0 0 1 0 1 1 0 0 0 1 1 0 0 1 1 1 0 1 1 0 0 1 1 0 1 1 0 1 
0 0 1 1 0 0 0 0 1 0 1 0 0 0 1 1 1 1 0 0 0 1 1 1 0 0 0 0 1 0 0 1 0 0 1 1 1 1 0 0 0 1 0 1 1 1 1 0 1 0 0 1 0 1 0 1 1 1 0 1 1 1 1 1 
1 0 0 0 1 0 1 1 1 0 0 1 0 0 0 1 1 1 0 0 0 1 1 1 1 1 0 1 0 1 1 0 1 0 0 1 0 1 1 0 0 0 0 0 0 1 0 0 0 1 1 0 1 0 1 0 1 0 0 0 1 1 1 0 
0 1 1 0 1 1 1 1 0 0 0 1 0 1 0 1 0 0 1 1 1 1 1 1 1 1 0 1 0 1 0 1 1 0 1 0 0 1 1 0 0 1 0 0 0 0 1 0 0 0 1 1 1 0 0 1 1 1 1 0 0 1 0 0 
0 1 0 0 1 1 0 0 0 1 1 1 0 1 1 0 0 1 1 0 1 1 1 0 1 0 0 1 1 0 0 0 0 0 1 1 1 0 1 1 1 1 1 0 1 0 0 0 0 0 1 1 1 0 1 0 0 1 1 0 0 1 1 1 
0 0 1 1 0 0 1 1 1 1 0 1 1 1 0 1 1 0 1 0 0 0 1 1 0 0 1 0 0 1 0 0 1 1 1 1 0 1 1 1 0 0 1 0 0 1 1 1 1 0 0 0 0 1 1 1 1 0 1 0 0 0 0 0 
0 0 0 0 0 0 0 1 1 1 1 0 0 1 0 1 1 0 1 0 0 1 1 1 0 1 1 1 1 1 0 1 0 0 1 1 1 1 1 0 0 0 0 0 1 1 0 1 0 1 1 1 1 0 0 0 1 0 1 1 0 0 1 1 
1 0 1 0 1 1 1 0 1 0 0 0 0 0 0 1 1 1 0 0 1 1 1 1 1 0 0 0 0 0 0 0 0 1 1 1 0 1 1 1 1 1 1 0 0 0 1 1 0 0 1 0 1 1 1 1 0 0 0 0 1 1 1 0 
1 0 1 1 1 1 1 0 0 0 1 1 1 1 1 0 0 1 0 0 1 0 0 1 0 1 0 1 1 1 0 0 1 1 0 0 1 1 0 0 0 0 0 0 1 0 1 1 0 0 1 0 1 0 0 1 1 1 1 0 0 1 1 0 
0 0 1 0 0 0 1 0 1 1 0 0 0 1 1 0 1 1 1 0 1 0 0 0 0 0 1 0 0 0 1 0 1 0 1 1 1 0 1 0 0 1 0 0 1 1 0 0 1 0 0 0 0 0 1 0 0 0 1 1 0 0 0 0 
0 0 1 0 0 0 1 0 1 1 1 1 1 1 0 0 1 0 1 1 1 0 1 1 1 1 1 0 1 0 1 0 1 0 1 1 1 0 0 0 0 1 0 0 1 1 0 1 1 1 0 0 1 1 0 1 0 1 0 1 0 0 0 1 
0 0 0 1 0 0 0 1 1 0 1 0 1 1 1 0 1 0 0 1 0 0 1 1 1 1 0 0 0 0 1 0 1 0 0 0 1 1 1 1 0 0 0 0 0 1 1 0 1 1 0 0 0 0 0 1 1 1 1 1 1 1 0 1 
1 1 0 1 0 1 0 1 0 0 0 0 0 1 0 1 0 1 1 1 1 0 0 0 1 0 1 0 0 1 0 1 1 0 1 0 0 1 1 1 0 1 1 1 1 1 1 0 0 1 1 0 1 1 1 0 0 1 1 0 0 0 0 0 
0 0 0 1 1 1 1 1 0 1 0 0 1 0 1 0 0 1 1 1 0 1 1 0 1 0 0 1 1 1 1 1 0 1 1 0 0 0 1 0 0 1 1 0 1 1 0 0 1 1 1 1 1 1 1 1 1 1 1 0 0 1 0 1 
1 0 0 0 0 1 1 0 1 0 0 0 1 0 1 1 1 0 0 1 1 0 1 1 0 0 0 1 0 0 0 1 0 0 1 1 1 1 1 0 1 1 0 1 0 1 0 1 1 0 1 0 1 1 0 1 0 0 0 0 1 0 1 0 
1 0 0 1 0 1 1 0 1 1 0 1 1 1 0 1 1 1 1 1 0 0 1 1 1 0 0 1 1 0 1 0 1 0 1 0 0 0 1 1 1 0 1 1 1 0 0 1 1 1 0 1 1 1 0 1 0 0 0 1 1 1 1 1 
0 1 1 1 0 1 0 1 0 1 1 1 0 1 1 0 0 0 0 1 1 0 0 1 1 0 1 1 0 0 1 0 1 1 0 0 0 1 0 0 0 1 0 1 1 1 0 1 1 0 1 1 1 0 1 0 0 0 1 0 1 0 0 0 
1 0 1 0 0 0 0 0 0 1 0 0 1 1 0 1 1 0 0 1 1 0 1 0 0 1 0 0 1 0 1 1 1 1 0 0 1 0 1 0 1 1 1 1 0 1 0 1 1 0 1 0 0 1 1 1 1 1 0 1 0 1 1 0 
1 0 1 0 0 0 1 0 1 0 1 0 0 0 0 1 1 0 0 1 0 0 0 1 1 0 1 1 1 0 0 0 0 1 0 0 1 0 1 0 1 1 1 1 1 1 0 0 0 1 0 0 0 0 0 1 1 1 0 0 1 0 1 0 
1 1 1 1 1 0 0 1 0 0 0 0 1 1 1 1 1 0 1 0 1 1 0 0 1 0 0 1 0 1 1 1 0 1 0 0 1 0 0 0 1 0 0 1 1 1 1 1 0 0 1 0 1 0 0 1 1 0 0 0 1 1 0 0 
1 1 1 0 1 1 1 1 1 1 1 1 0 1 0 1 1 1 1 0 0 1 1 1 0 0 1 0 1 0 0 0 0 1 1 0 0 0 1 1 0 0 0 1 1 1 0 0 1 1 1 0 0 0 0 0 1 0 1 0 0 0 0 1 
0 0 1 1 0 0 0 0 1 0 0 0 0 1 1 1 0 1 0 1 0 1 1 1 1 0 0 1 1 1 1 1 0 0 1 0 0 1 1 0 1 1 1 0 1 1 0 1 1 1 1 0 0 1 0 0 0 0 1 1 0 1 0 0 
0 0 1 1 1 1 0 0 1 1 0 1 0 1 1 0 1 0 0 0 1 1 1 1 0 1 1 1 0 0 0 0 0 1 1 1 0 0 0 0 1 1 1 1 1 0 1 1 1 0 0 1 1 0 0 1 0 1 0 0 1 1 1 1 

Shortest matrix (264 generations) : 

0 0 0 0 0 1 1 1 0 1 1 0 1 0 1 1 1 0 1 0 1 0 0 1 0 0 1 1 1 1 1 0 0 0 0 1 1 0 1 1 1 0 0 1 0 1 0 0 0 0 1 1 0 1 1 0 1 1 0 0 0 0 0 0 
1 0 0 1 1 1 0 1 1 1 1 0 0 0 0 1 0 0 0 1 1 1 1 0 0 0 1 1 0 1 1 0 0 0 0 1 0 1 1 1 0 0 0 1 0 1 1 0 0 0 1 0 0 0 1 1 0 1 0 0 1 0 0 1 
1 1 1 1 1 0 1 1 1 0 1 1 0 0 1 1 1 0 1 1 1 1 0 0 1 1 1 1 1 0 1 0 0 0 1 1 0 1 0 0 1 1 1 1 0 1 0 0 0 1 0 1 0 1 0 1 0 0 0 1 0 1 0 0 
0 0 0 0 1 0 1 1 1 0 1 0 1 0 1 0 0 1 0 1 1 1 1 0 0 0 1 0 0 1 0 0 1 1 1 1 0 0 0 0 0 0 0 0 1 1 0 1 0 1 1 0 0 0 1 0 0 0 1 1 1 1 1 1 
1 1 0 0 0 1 0 1 0 0 1 0 0 0 0 0 1 0 1 1 1 0 0 1 1 0 1 0 1 1 0 0 0 0 0 0 1 0 1 1 1 1 0 1 1 0 0 1 0 1 0 1 1 0 1 0 0 1 1 1 1 0 1 1 
0 1 0 0 1 1 1 0 0 1 0 0 1 0 0 1 1 1 0 1 0 0 0 1 0 1 1 1 1 0 1 0 1 1 0 1 1 0 1 1 0 0 0 0 1 1 1 0 1 1 1 0 0 1 0 0 0 1 1 1 0 0 1 1 
0 1 0 0 1 0 0 0 1 1 0 0 0 1 0 1 0 1 0 0 1 0 1 0 0 0 0 0 0 0 1 1 1 0 0 0 0 1 1 1 1 0 0 1 1 1 0 1 0 1 1 0 0 0 0 1 1 0 0 0 0 1 0 1 
0 0 0 0 0 0 0 0 0 0 1 1 0 1 1 0 1 0 0 0 1 1 0 0 0 0 0 0 1 1 1 1 1 1 0 0 1 0 1 1 0 1 0 1 1 0 0 0 0 0 0 1 0 1 1 0 0 1 0 0 0 0 0 0 
0 0 1 1 0 1 0 0 0 1 0 1 1 0 0 0 1 0 0 1 0 1 1 0 0 0 0 0 1 1 0 0 0 1 0 0 0 0 0 0 1 0 1 0 0 0 0 0 1 1 1 0 1 0 0 0 1 0 0 0 1 0 0 0 
0 0 0 0 1 0 1 1 1 1 0 0 1 1 0 1 0 1 1 0 1 1 0 0 0 1 1 0 0 1 0 0 1 1 0 1 0 1 0 0 0 1 0 1 0 0 0 0 1 0 1 1 1 0 1 0 0 0 0 1 0 1 1 0 
1 1 1 1 1 0 0 0 1 0 1 0 1 1 1 1 0 1 0 0 1 0 0 1 1 1 1 0 0 0 0 1 0 0 1 1 0 0 0 1 1 0 0 1 1 1 1 1 1 1 1 1 0 1 1 1 0 0 1 0 1 0 0 0 
0 1 1 1 0 1 1 1 1 0 0 0 0 0 1 0 0 1 0 0 1 0 1 1 0 0 1 0 0 1 1 1 1 0 0 1 1 1 0 1 1 1 1 0 1 0 1 0 1 0 0 1 0 1 0 1 0 1 1 1 1 1 1 0 
0 0 0 0 0 0 0 1 0 1 0 1 0 0 0 1 0 1 0 0 1 0 0 0 1 0 0 1 1 0 1 0 1 1 1 0 1 1 1 0 0 0 0 0 1 0 1 1 1 1 1 1 0 0 0 1 0 0 1 0 0 1 1 0 
1 0 1 0 0 0 1 0 1 0 1 1 1 0 0 1 0 1 0 0 0 0 1 1 0 0 1 1 0 0 1 1 0 0 1 0 0 1 0 1 1 0 0 0 0 1 1 1 0 0 1 0 1 1 0 0 0 0 0 0 1 0 1 0 
1 0 1 0 0 0 1 0 1 0 0 0 1 0 1 1 0 0 0 0 1 0 1 0 0 1 0 1 1 1 0 1 1 1 0 0 0 1 1 0 1 1 1 0 1 0 1 1 0 0 1 0 0 0 0 1 1 0 1 0 1 0 1 0 
0 0 1 0 0 0 0 1 0 1 0 0 0 1 0 0 1 0 1 1 1 0 1 0 0 1 0 1 1 0 0 0 1 0 0 1 0 1 1 0 1 0 1 1 1 1 0 0 0 1 1 0 1 1 0 1 0 1 0 0 1 0 1 0 
0 0 1 0 1 0 0 1 0 0 1 0 0 0 0 1 1 1 1 0 1 0 1 1 1 1 0 0 0 1 0 1 1 0 0 0 0 1 1 0 1 0 1 0 0 1 0 1 0 1 0 1 0 0 0 0 1 0 0 1 1 0 1 1 
1 0 0 0 0 0 1 1 0 1 0 0 0 0 1 0 1 0 1 1 1 0 0 1 1 0 1 1 0 1 0 0 1 1 1 1 0 1 1 0 0 0 1 1 0 1 1 1 0 0 0 0 0 0 1 1 0 0 1 0 0 1 0 1 
0 0 0 0 0 1 1 0 0 0 0 1 1 0 1 1 0 0 1 0 0 1 1 1 0 0 1 0 0 1 1 0 1 1 1 1 1 0 1 1 0 0 0 1 1 0 1 1 0 0 0 0 1 0 0 0 1 1 0 0 0 1 0 1 
1 1 0 0 0 1 1 0 0 1 0 1 1 0 0 0 0 1 0 1 0 1 0 1 1 0 0 1 0 0 1 1 0 0 0 1 1 0 1 1 1 1 0 1 1 0 0 1 1 0 1 1 0 0 1 0 0 1 1 1 1 0 1 0 
0 1 0 1 1 0 1 1 0 1 1 1 0 1 0 1 1 1 1 0 1 1 0 0 0 0 0 0 1 0 0 0 1 0 1 0 1 0 0 0 0 0 1 1 0 0 1 1 0 0 1 1 1 1 0 1 1 1 0 0 0 0 0 0 
0 0 0 0 0 1 0 1 1 1 1 1 1 0 0 1 1 1 0 0 1 0 1 0 1 1 1 0 1 0 0 0 1 0 1 0 1 0 0 0 0 1 0 0 1 1 0 1 1 0 1 0 0 1 0 1 1 1 1 0 0 0 0 0 
0 1 1 1 1 1 1 0 1 0 0 0 1 1 1 1 0 0 0 0 1 0 1 0 0 0 1 1 1 1 1 0 1 1 0 1 1 1 0 0 1 0 0 1 0 0 0 1 0 0 0 1 1 0 0 1 0 1 1 1 1 1 0 1 
1 0 0 1 0 1 0 1 1 1 1 1 1 1 0 0 1 0 0 1 0 1 1 0 0 0 1 0 0 0 1 1 1 0 0 1 1 0 1 1 1 1 1 1 0 0 1 0 1 1 1 0 1 1 0 0 0 0 0 0 0 1 1 0 
0 0 0 0 1 0 1 0 0 1 0 0 0 1 1 1 0 1 1 0 0 0 0 0 1 0 1 0 1 1 0 0 0 0 1 0 1 1 0 1 1 0 1 0 0 0 1 1 1 1 0 0 1 1 0 0 1 1 0 0 1 0 0 1 
0 0 1 0 1 1 0 1 0 1 1 0 0 0 1 0 0 1 1 1 1 1 0 1 1 1 0 1 0 1 0 0 1 1 0 0 0 0 0 0 1 0 0 1 1 0 1 1 1 1 0 1 0 0 1 0 0 0 1 1 0 1 0 1 
0 0 0 1 1 0 1 0 1 0 0 0 1 1 1 1 1 1 1 1 0 0 0 1 1 0 0 0 0 1 0 0 0 1 1 0 1 1 0 0 0 0 1 1 0 1 0 1 0 0 1 1 1 0 0 0 0 1 0 0 1 1 1 1 
0 1 0 0 0 0 0 1 1 1 0 0 0 1 0 0 1 1 1 1 1 0 1 1 1 1 1 1 0 1 0 0 0 0 0 1 0 0 0 0 1 1 1 1 0 1 0 1 1 1 1 0 1 1 1 1 1 1 0 1 1 1 1 0 
0 0 1 1 1 0 0 1 0 0 1 0 0 0 0 1 0 1 0 1 1 0 0 0 1 1 0 0 0 1 0 1 1 1 1 1 0 1 1 0 0 0 0 0 1 0 0 1 0 0 0 1 1 1 1 0 1 0 0 1 0 0 0 0 
0 0 0 1 0 1 0 0 1 1 1 0 1 1 0 1 0 1 1 0 1 0 0 1 1 1 0 0 1 1 0 1 1 1 0 1 1 0 0 0 0 1 1 1 1 0 0 0 0 1 0 1 0 0 0 1 0 0 1 1 1 0 0 1 
1 1 1 0 0 1 0 1 0 0 1 0 1 0 1 0 1 0 0 1 0 1 1 1 0 0 1 0 1 0 0 0 1 1 1 0 0 1 1 0 1 1 1 0 0 0 1 1 0 1 0 0 1 1 0 0 0 1 1 0 0 0 0 0 
0 0 1 0 1 0 0 1 0 1 0 0 0 0 1 1 1 0 1 1 0 0 0 1 1 0 1 0 1 1 0 1 1 1 0 0 0 0 0 0 1 1 0 0 0 1 0 1 1 0 0 0 0 0 1 0 0 0 0 1 1 0 0 0 
1 1 0 1 1 1 0 0 0 0 0 1 0 0 1 1 1 0 0 1 0 0 0 0 1 0 1 0 0 0 0 1 0 1 0 1 0 1 0 0 0 0 0 0 1 1 0 1 1 1 0 0 1 1 0 1 0 0 0 1 0 0 0 0 
0 0 1 0 0 1 1 1 1 1 1 1 1 0 0 1 0 0 1 0 1 1 0 1 0 1 1 0 0 1 1 1 0 1 1 1 1 1 0 0 0 0 0 1 1 1 0 0 0 1 0 0 0 1 1 1 1 0 1 1 0 0 1 1 
1 0 1 0 1 1 0 1 1 1 1 1 0 1 0 0 1 0 0 0 1 1 0 0 1 1 1 1 0 0 1 1 1 1 0 0 0 0 1 0 0 1 1 1 0 1 1 0 0 0 1 1 1 0 1 0 0 1 1 0 1 1 1 1 
0 0 1 0 1 1 0 0 1 0 1 0 0 0 0 0 1 1 0 0 1 0 1 0 1 1 1 0 0 0 0 1 0 1 1 1 1 0 0 0 1 1 0 1 1 0 1 0 0 1 1 0 1 1 0 0 0 1 0 0 0 1 0 0 
1 1 0 1 1 0 1 1 0 1 0 0 1 1 1 1 1 1 1 1 0 0 1 1 0 0 0 0 0 0 1 0 1 0 0 1 1 1 1 1 1 0 1 0 0 0 1 0 0 1 1 0 1 1 0 1 1 1 0 0 0 1 0 1 
0 1 0 0 0 1 0 0 1 1 0 1 1 0 0 0 0 0 1 0 1 1 0 1 1 1 1 0 1 0 0 1 0 1 0 0 1 1 1 0 1 0 0 0 1 0 0 0 0 1 1 0 0 1 0 0 1 1 1 1 1 0 1 0 
1 1 1 1 0 1 1 0 1 0 0 1 0 1 0 1 0 0 1 0 0 1 1 1 0 0 0 1 0 0 0 1 0 1 1 1 1 0 1 1 1 0 1 1 0 0 0 1 1 0 0 0 0 0 1 1 1 1 1 1 0 1 1 1 
1 1 0 1 1 0 1 1 1 0 1 1 1 0 0 1 1 0 1 0 0 1 0 0 1 1 0 1 0 0 1 0 0 1 0 1 0 1 1 0 1 0 0 1 0 1 1 0 1 1 1 0 1 0 0 1 1 0 1 0 0 0 0 1 
0 0 1 0 1 0 0 1 1 1 0 1 1 0 0 0 1 1 1 1 1 1 1 1 0 0 1 1 0 1 0 0 0 0 1 1 1 0 0 1 1 0 1 0 0 0 1 1 0 0 1 0 0 1 1 0 1 0 0 0 0 0 1 1 
1 0 1 0 1 1 0 0 0 1 1 1 1 0 0 1 1 1 1 1 1 1 0 0 0 1 1 1 1 1 0 1 1 0 0 0 0 0 1 0 1 1 0 0 0 1 1 0 0 1 1 1 0 1 1 0 0 1 1 0 1 1 0 1 
0 0 1 1 0 0 0 0 1 0 1 0 0 0 1 1 1 1 0 0 0 1 1 1 0 0 0 0 1 0 0 1 0 0 1 1 1 1 0 0 0 1 0 1 1 1 1 0 1 0 0 1 0 1 0 1 1 1 0 1 1 1 1 1 
1 0 0 0 1 0 1 1 1 0 0 1 0 0 0 1 1 1 0 0 0 1 1 1 1 1 0 1 0 1 1 0 1 0 0 1 0 1 1 0 0 0 0 0 0 1 0 0 0 1 1 0 1 0 1 0 1 0 0 0 1 1 1 0 
0 1 1 0 1 1 1 1 0 0 0 1 0 1 0 1 0 0 1 1 1 1 1 1 1 1 0 1 0 1 0 1 1 0 1 0 0 1 1 0 0 1 0 0 0 0 1 0 0 0 1 1 1 0 0 1 1 1 1 0 0 1 0 0 
0 1 0 0 1 1 0 0 0 1 1 1 0 1 1 0 0 1 1 0 1 1 1 0 1 0 0 1 1 0 0 0 0 0 1 1 1 0 1 1 1 1 1 0 1 0 0 0 0 0 1 1 1 0 1 0 0 1 1 0 0 1 1 1 
0 0 1 1 0 0 1 1 1 1 0 1 1 1 0 1 1 0 1 0 0 0 1 1 0 0 1 0 0 1 0 0 1 1 1 1 0 1 1 1 0 0 1 0 0 1 1 1 1 0 0 0 0 1 1 1 1 0 1 0 0 0 0 0 
0 0 0 0 0 0 0 1 1 1 1 0 0 1 0 1 1 0 1 0 0 1 1 1 0 1 1 1 1 1 0 1 0 0 1 1 1 1 1 0 0 0 0 0 1 1 0 1 0 1 1 1 1 0 0 0 1 0 1 1 0 0 1 1 
1 0 1 0 1 1 1 0 1 0 0 0 0 0 0 1 1 1 0 0 1 1 1 1 1 0 0 0 0 0 0 0 0 1 1 1 0 1 1 1 1 1 1 0 0 0 1 1 0 0 1 0 1 1 1 1 0 0 0 0 1 1 1 0 
1 0 1 1 1 1 1 0 0 0 1 1 1 1 1 0 0 1 0 0 1 0 0 1 0 1 0 1 1 1 0 0 1 1 0 0 1 1 0 0 0 0 0 0 1 0 1 1 0 0 1 0 1 0 0 1 1 1 1 0 0 1 1 0 
0 0 1 0 0 0 1 0 1 1 0 0 0 1 1 0 1 1 1 0 1 0 0 0 0 0 1 0 0 0 1 0 1 0 1 1 1 0 1 0 0 1 0 0 1 1 0 0 1 0 0 0 0 0 1 0 0 0 1 1 0 0 0 0 
0 0 1 0 0 0 1 0 1 1 1 1 1 1 0 0 1 0 1 1 1 0 1 1 1 1 1 0 1 0 1 0 1 0 1 1 1 0 0 0 0 1 0 0 1 1 0 1 1 1 0 0 1 1 0 1 0 1 0 1 0 0 0 1 
0 0 0 1 0 0 0 1 1 0 1 0 1 1 1 0 1 0 0 1 0 0 1 1 1 1 0 0 0 0 1 0 1 0 0 0 1 1 1 1 0 0 0 0 0 1 1 0 1 1 0 0 0 0 0 1 1 1 1 1 1 1 0 1 
1 1 0 1 0 1 0 1 0 0 0 0 0 1 0 1 0 1 1 1 1 0 0 0 1 0 1 0 0 1 0 1 1 0 1 0 0 1 1 1 0 1 1 1 1 1 1 0 0 1 1 0 1 1 1 0 0 1 1 0 0 0 0 0 
0 0 0 1 1 1 1 1 0 1 0 0 1 0 1 0 0 1 1 1 0 1 1 0 1 0 0 1 1 1 1 1 0 1 1 0 0 0 1 0 0 1 1 0 1 1 0 0 1 1 1 1 1 1 1 1 1 1 1 0 0 1 0 1 
1 0 0 0 0 1 1 0 1 0 0 0 1 0 1 1 1 0 0 1 1 0 1 1 0 0 0 1 0 0 0 1 0 0 1 1 1 1 1 0 1 1 0 1 0 1 0 1 1 0 1 0 1 1 0 1 0 0 0 0 1 0 1 0 
1 0 0 1 0 1 1 0 1 1 0 1 1 1 0 1 1 1 1 1 0 0 1 1 1 0 0 1 1 0 1 0 1 0 1 0 0 0 1 1 1 0 1 1 1 0 0 1 1 1 0 1 1 1 0 1 0 0 0 1 1 1 1 1 
0 1 1 1 0 1 0 1 0 1 1 1 0 1 1 0 0 0 0 1 1 0 0 1 1 0 1 1 0 0 1 0 1 1 0 0 0 1 0 0 0 1 0 1 1 1 0 1 1 0 1 1 1 0 1 0 0 0 1 0 1 0 0 0 
1 0 1 0 0 0 0 0 0 1 0 0 1 1 0 1 1 0 0 1 1 0 1 0 0 1 0 0 1 0 1 1 1 1 0 0 1 0 1 0 1 1 1 1 0 1 0 1 1 0 1 0 0 1 1 1 1 1 0 1 0 1 1 0 
1 0 1 0 0 0 1 0 1 0 1 0 0 0 0 1 1 0 0 1 0 0 0 1 1 0 1 1 1 0 0 0 0 1 0 0 1 0 1 0 1 1 1 1 1 1 0 0 0 1 0 0 0 0 0 1 1 1 0 0 1 0 1 0 
1 1 1 1 1 0 0 1 0 0 0 0 1 1 1 1 1 0 1 0 1 1 0 0 1 0 0 1 0 1 1 1 0 1 0 0 1 0 0 0 1 0 0 1 1 1 1 1 0 0 1 0 1 0 0 1 1 0 0 0 1 1 0 0 
1 1 1 0 1 1 1 1 1 1 1 1 0 1 0 1 1 1 1 0 0 1 1 1 0 0 1 0 1 0 0 0 0 1 1 0 0 0 1 1 0 0 0 1 1 1 0 0 1 1 1 0 0 0 0 0 1 0 1 0 0 0 0 1 
0 0 1 1 0 0 0 0 1 0 0 0 0 1 1 1 0 1 0 1 0 1 1 1 1 0 0 1 1 1 1 1 0 0 1 0 0 1 1 0 1 1 1 0 1 1 0 1 1 1 1 0 0 1 0 0 0 0 1 1 0 1 0 0 
0 0 1 1 1 1 0 0 1 1 0 1 0 1 1 0 1 0 0 0 1 1 1 1 0 1 1 1 0 0 0 0 0 1 1 1 0 0 0 0 1 1 1 1 1 0 1 1 1 0 0 1 1 0 0 1 0 1 0 0 1 1 1 1 
