Random seeded populations, ran on 2/14/2017 3:05:11 PM
935 populations in 9792.431 seconds
2.72012hours 163.2072minutes 9792.431 seconds
Average generations reached : 631
Highest generation reached : 2754
Lowest generation reached : 124
Longest matrix (2754 generations) : 

0 0 0 1 1 1 1 0 1 1 1 0 0 0 1 1 0 1 1 0 0 0 0 0 1 0 0 1 0 1 1 1 0 1 0 0 0 0 0 1 1 0 1 1 1 1 1 0 1 0 1 1 1 0 1 0 0 1 1 1 0 0 0 0 
1 1 1 1 0 1 1 0 1 1 1 1 0 0 0 0 0 1 0 1 0 1 0 1 0 0 0 0 0 1 1 1 1 0 1 1 1 0 0 1 1 1 1 1 1 0 1 0 1 0 0 0 0 1 1 0 1 1 0 0 1 1 1 1 
0 0 1 0 1 0 1 0 1 1 1 0 0 1 0 0 1 0 1 1 1 1 1 0 1 1 1 0 0 0 1 0 1 0 0 1 0 0 1 1 0 0 1 1 0 1 0 1 0 0 1 1 0 1 1 0 0 0 0 1 1 1 0 0 
0 1 0 1 0 1 0 0 0 1 1 1 1 0 1 0 1 1 1 1 0 1 1 0 1 1 0 1 1 1 0 1 0 0 1 1 0 0 0 1 0 0 0 1 1 0 0 1 1 1 1 1 0 1 0 1 1 0 0 0 1 0 1 0 
0 1 1 0 1 1 0 1 1 0 0 1 0 0 1 1 1 1 1 0 0 0 0 1 1 1 0 0 0 0 0 0 1 1 0 0 0 0 1 1 1 1 1 0 1 1 1 0 0 0 1 1 1 0 0 1 1 0 0 1 1 0 0 0 
0 0 1 0 0 0 1 0 0 1 0 1 0 0 0 1 0 1 0 0 1 1 0 0 0 1 0 0 0 1 0 1 0 1 0 0 0 1 0 1 1 0 0 1 1 0 1 1 0 0 0 1 0 0 1 0 0 0 1 1 0 1 0 1 
0 1 0 1 0 1 1 0 0 1 1 0 1 1 0 0 0 1 0 1 1 0 0 0 0 0 0 1 1 0 0 1 1 1 1 1 0 1 1 0 1 1 0 0 0 1 0 0 1 1 0 1 1 1 0 1 1 0 1 0 0 0 1 0 
1 0 0 0 0 1 1 1 1 1 1 0 0 0 1 0 0 1 1 1 0 0 1 1 0 1 0 1 1 1 1 1 0 1 0 1 1 0 0 0 0 0 0 0 0 0 0 1 0 0 0 0 1 1 1 1 0 1 0 0 0 0 1 1 
0 1 1 1 0 0 1 1 1 1 0 1 0 1 0 0 1 1 0 1 0 1 0 0 0 0 0 1 0 1 1 0 1 1 0 0 1 1 1 0 1 1 1 0 0 0 0 1 1 1 0 0 1 1 0 0 0 1 1 0 1 1 0 1 
0 1 0 1 1 0 0 0 0 0 0 1 1 1 1 1 0 1 1 0 1 0 0 0 1 1 0 0 0 0 1 1 0 0 1 1 1 0 1 0 1 1 1 1 0 1 0 0 0 0 0 0 0 1 1 0 1 1 0 1 0 1 0 0 
0 0 0 0 0 0 1 0 1 0 1 1 1 0 1 0 0 0 1 1 1 0 0 0 0 1 1 0 0 0 1 1 1 1 1 0 0 0 1 0 1 0 1 1 0 0 0 0 0 0 1 1 0 1 1 1 1 0 0 1 0 0 1 0 
0 0 1 1 1 0 0 0 1 1 0 0 0 0 0 1 0 1 1 1 1 1 1 0 1 0 1 0 0 1 0 1 0 1 0 1 0 0 1 0 1 0 1 1 1 1 1 0 1 1 1 0 1 1 1 0 0 1 1 0 0 0 0 0 
1 1 1 0 1 1 0 0 0 0 1 1 1 1 1 0 1 1 0 1 1 0 0 1 1 0 0 1 1 1 1 1 0 1 0 0 0 1 1 0 0 0 1 0 0 0 0 1 0 0 0 1 0 1 1 0 1 1 1 0 0 0 0 1 
1 0 1 0 0 0 1 0 0 1 1 1 1 0 0 0 1 0 1 0 0 0 0 0 1 1 0 0 0 0 0 1 0 1 0 1 1 0 1 1 0 0 0 1 0 1 1 0 0 0 0 1 0 1 1 1 0 0 0 1 1 1 0 0 
1 0 0 0 1 1 0 0 0 1 0 0 0 1 1 1 0 1 1 1 0 1 1 1 0 0 0 1 0 0 0 1 1 1 0 1 0 1 0 0 1 1 0 1 1 1 1 0 1 0 1 0 1 0 0 1 1 1 1 0 1 1 1 1 
0 0 1 0 1 1 0 0 0 0 1 1 1 1 1 0 1 1 0 0 0 0 1 1 1 0 0 1 0 0 0 1 1 0 0 0 0 0 1 0 0 0 1 1 1 1 1 0 0 0 1 0 0 0 0 0 1 0 1 0 1 1 0 0 
1 0 1 0 1 1 1 1 0 0 1 1 1 1 0 0 1 1 1 0 1 0 1 1 0 0 0 1 0 0 1 1 1 1 0 1 1 0 0 1 0 1 0 1 0 1 1 1 1 1 1 1 0 0 1 0 1 1 0 1 0 1 0 0 
0 1 1 0 1 1 1 1 0 0 1 1 1 0 1 0 1 0 0 0 1 0 0 0 1 0 0 1 0 1 1 1 0 0 0 0 0 0 0 0 0 0 1 1 0 0 1 0 1 1 1 1 1 1 0 1 1 0 1 0 1 0 0 0 
1 0 0 1 1 0 1 0 0 1 1 0 0 0 0 0 1 1 1 0 1 0 1 0 0 1 1 0 0 1 0 1 1 1 0 1 0 1 0 1 0 1 1 1 1 0 0 1 0 0 1 0 0 1 1 1 1 1 0 0 0 1 1 0 
1 1 1 1 1 0 1 0 0 1 1 0 0 0 1 1 0 0 0 1 1 0 1 1 0 0 1 1 1 1 0 0 1 0 1 1 1 1 1 1 0 1 0 1 0 0 0 0 1 1 0 1 0 1 1 1 0 1 0 0 0 0 0 0 
1 1 0 0 1 0 0 1 1 0 0 0 0 0 0 1 1 0 1 1 1 0 0 1 0 1 1 1 0 0 0 1 1 0 0 1 0 1 0 1 0 1 0 0 1 1 1 0 1 0 1 1 0 0 0 0 1 0 0 0 0 0 0 1 
1 0 1 0 0 0 0 0 1 1 1 1 1 0 0 0 0 0 1 1 0 0 1 1 0 1 1 0 1 0 1 0 1 1 1 1 1 1 0 0 1 1 0 1 0 1 1 1 1 0 1 0 0 1 0 0 0 0 1 1 0 1 1 0 
1 0 1 1 1 1 0 1 1 1 0 0 1 0 0 1 0 1 0 0 1 1 1 0 1 0 1 0 1 0 0 1 1 0 1 1 0 1 1 1 0 0 1 0 0 1 0 0 0 1 0 1 0 1 0 0 1 0 0 1 1 1 1 1 
0 1 1 1 1 1 0 1 1 0 1 0 1 0 1 0 0 0 1 0 0 0 1 1 0 1 1 0 0 0 1 0 0 0 0 1 0 0 1 1 0 0 1 0 0 1 0 1 0 0 1 0 0 0 1 1 1 1 1 1 1 0 0 0 
1 0 0 1 0 1 0 1 0 0 1 0 1 1 0 1 1 1 0 1 1 0 0 1 0 1 1 1 1 0 1 0 0 1 0 0 1 0 0 0 1 0 1 0 1 1 1 1 1 0 1 1 0 1 1 1 0 0 0 0 1 0 1 1 
0 1 0 1 0 1 0 0 0 0 1 1 0 0 1 1 1 0 1 1 0 1 1 1 1 1 1 1 0 1 0 0 1 1 1 1 1 1 1 1 1 0 1 0 1 1 0 0 1 0 1 0 0 0 1 0 0 0 0 0 0 1 1 1 
0 1 0 1 1 0 1 1 0 0 1 0 1 1 1 1 0 0 1 0 0 1 1 1 1 0 1 0 0 1 1 0 0 0 0 1 0 1 0 0 0 0 1 0 0 1 0 0 1 0 0 0 0 0 1 1 0 0 0 1 1 1 0 1 
1 0 0 1 0 1 0 1 0 1 0 0 1 1 1 1 1 1 1 1 1 0 0 1 0 0 1 1 1 0 0 1 1 0 0 1 0 1 0 1 1 1 0 0 0 0 1 0 0 1 0 1 0 0 0 0 0 1 1 0 1 0 0 1 
0 0 1 0 1 1 0 1 0 0 0 0 1 1 1 1 1 0 1 1 1 1 0 1 0 1 1 0 1 0 1 1 1 1 0 1 1 1 0 0 0 0 1 1 1 1 0 1 1 1 1 0 0 1 1 1 0 0 1 1 0 0 1 1 
1 1 0 0 1 0 0 0 0 1 1 0 0 1 1 1 1 0 1 1 0 0 0 1 0 0 1 0 0 0 1 0 1 0 0 0 1 1 0 1 1 0 1 0 1 1 1 0 1 0 0 1 0 0 1 1 0 0 1 0 1 0 0 1 
1 1 0 1 1 1 1 0 0 1 0 1 0 1 1 0 1 0 1 1 1 0 1 1 1 0 0 1 0 1 0 0 1 1 1 1 1 0 1 1 0 0 1 1 0 1 1 1 1 1 1 0 0 1 1 0 0 0 0 0 1 1 0 1 
0 0 0 0 1 0 1 0 1 0 0 1 1 1 0 1 0 1 1 0 1 0 1 1 0 0 0 1 0 0 1 0 0 0 1 0 0 1 0 0 0 1 1 1 1 0 0 1 0 1 1 1 0 1 1 1 1 1 1 0 0 0 1 0 
0 1 0 0 0 0 1 1 0 1 0 1 1 0 1 1 0 1 0 1 0 0 1 0 0 1 1 1 1 1 0 1 0 1 1 0 0 1 1 0 0 0 1 0 1 0 1 0 1 0 0 1 1 1 1 0 0 1 1 1 0 1 1 0 
0 0 0 0 1 0 1 1 0 0 1 1 1 0 1 1 0 1 0 1 1 0 1 0 1 1 0 1 0 0 1 0 0 0 0 0 0 1 1 0 1 1 1 1 1 1 1 1 0 0 1 1 1 0 0 0 1 1 1 0 1 1 0 0 
1 1 1 0 1 1 1 0 0 0 0 0 1 0 0 1 1 0 0 0 0 1 0 0 0 1 0 0 1 1 0 1 1 1 0 1 0 0 0 1 1 0 0 1 1 0 1 1 1 0 0 1 1 1 1 1 1 1 0 1 1 0 0 1 
1 1 0 1 0 0 1 0 1 0 1 0 1 0 0 1 0 0 0 0 0 0 0 1 1 1 0 1 1 0 1 1 0 1 0 0 1 0 1 1 1 0 0 1 1 0 0 1 1 1 1 1 0 1 0 0 0 1 0 1 1 0 1 1 
0 1 1 0 1 1 1 0 0 0 1 0 1 1 1 0 1 0 0 1 1 1 1 1 0 1 1 1 1 1 0 0 0 1 0 1 0 0 0 1 0 1 0 1 0 1 1 1 1 1 0 0 1 1 0 0 1 1 1 0 0 1 1 1 
0 0 0 0 0 0 1 1 0 1 0 1 0 1 0 0 0 0 0 1 1 1 0 1 1 1 1 0 0 0 0 0 0 0 1 1 0 0 1 1 1 1 1 0 0 0 1 0 0 0 0 1 1 0 0 0 1 0 1 1 1 0 0 0 
1 1 0 1 1 0 1 1 1 1 0 0 1 1 1 1 1 0 0 0 0 1 0 0 1 0 1 1 1 0 1 1 1 1 1 1 0 0 0 0 1 1 1 1 0 1 0 1 0 1 1 0 0 1 0 1 1 1 0 0 1 0 1 1 
0 0 0 1 1 0 1 0 0 1 0 0 1 1 1 1 0 0 1 1 0 0 1 0 0 0 1 1 0 1 1 1 1 0 0 0 1 1 1 0 1 0 0 1 0 0 1 0 1 0 1 0 1 1 0 1 1 1 1 0 1 1 1 0 
1 1 0 1 0 0 0 0 0 0 1 1 1 0 1 0 0 0 0 0 1 1 1 0 0 0 0 0 1 1 1 0 1 0 1 1 1 1 0 1 1 0 1 1 0 1 0 1 0 0 0 0 0 1 0 1 1 1 1 0 1 0 0 1 
0 1 1 1 0 1 1 0 0 0 0 0 0 1 0 0 0 0 1 0 1 1 1 1 1 1 1 1 1 0 1 1 0 1 1 1 0 0 1 0 0 0 0 1 0 0 0 0 0 1 1 0 0 1 0 1 0 0 0 1 0 1 1 0 
0 1 0 0 0 1 0 0 1 1 0 1 0 1 1 0 1 1 0 1 0 0 1 1 1 0 1 0 1 1 1 0 0 0 0 1 0 1 0 0 0 1 1 0 1 1 0 0 0 0 1 0 1 1 1 0 0 1 0 1 1 1 1 0 
0 1 0 1 0 1 1 1 0 1 0 0 1 0 1 0 0 1 1 1 0 0 1 1 1 0 0 0 0 1 0 1 0 1 0 0 1 0 0 0 0 0 0 1 1 0 0 0 1 0 1 0 0 1 0 1 1 1 1 0 0 0 1 0 
1 1 0 0 1 0 1 1 0 0 1 0 1 0 0 1 0 0 1 0 1 1 0 0 1 1 0 0 1 1 1 1 0 1 1 1 0 0 1 1 0 1 1 0 1 1 0 0 1 0 1 1 0 0 0 1 1 0 0 1 0 1 1 0 
0 1 1 1 1 1 1 1 0 1 1 0 1 1 0 0 0 0 1 1 1 1 0 0 0 0 0 0 0 1 0 0 0 1 0 1 1 0 0 1 1 0 0 1 0 0 1 1 0 0 1 0 1 0 0 0 1 0 0 0 1 0 0 0 
0 0 0 0 1 1 0 0 1 1 0 0 0 1 1 0 1 1 1 1 0 0 1 0 1 1 0 1 1 1 1 0 1 0 0 1 0 0 1 0 1 0 0 0 1 0 1 1 1 1 1 1 0 1 0 1 1 0 0 1 1 1 0 0 
0 1 1 1 1 1 1 1 0 0 1 0 1 0 0 1 1 1 0 0 0 0 0 1 1 1 0 0 1 1 0 0 1 0 1 1 1 1 0 0 1 1 1 1 0 1 1 1 0 0 0 1 1 0 1 0 1 1 1 1 1 1 0 1 
0 1 0 0 1 0 1 0 0 1 1 1 1 0 1 0 0 1 1 0 0 0 1 0 1 0 0 0 0 1 1 1 1 0 1 1 1 0 0 0 1 0 1 0 1 0 1 0 1 0 0 1 0 0 1 0 0 0 0 0 1 0 0 0 
0 0 1 1 1 1 0 1 1 0 1 0 0 0 0 0 0 1 0 0 1 0 0 0 0 0 0 0 0 1 0 0 1 1 1 1 0 1 0 1 1 0 1 0 0 0 1 1 1 0 0 0 1 1 0 0 0 1 0 1 1 0 0 0 
1 1 1 1 1 1 0 0 1 0 0 1 0 0 0 1 0 0 0 0 0 1 0 0 0 1 1 1 0 1 0 0 1 0 0 1 0 1 0 0 0 0 0 1 0 1 0 1 0 0 1 1 1 1 1 1 0 0 0 0 1 1 0 0 
1 1 0 1 1 1 1 0 1 1 0 0 0 1 1 0 0 1 1 0 0 0 0 1 1 0 1 1 0 1 1 1 1 1 0 0 0 0 1 1 1 1 1 0 0 1 1 1 0 0 0 0 1 1 0 1 1 0 0 1 0 1 1 0 
1 1 0 0 0 1 0 1 0 0 0 0 1 1 1 0 1 0 1 1 0 0 1 0 1 1 0 1 0 0 1 1 0 1 1 1 0 1 0 0 1 0 1 0 0 0 1 0 0 1 1 0 0 0 0 1 1 1 0 0 0 1 1 1 
0 1 1 1 0 1 0 0 1 1 1 1 0 1 0 1 1 1 1 0 1 0 0 1 0 0 0 1 0 0 1 1 1 0 0 1 1 0 0 1 0 0 1 0 1 0 0 1 1 0 1 0 0 1 1 1 0 0 1 1 0 1 0 1 
1 0 1 0 0 0 1 1 1 1 0 1 1 0 1 0 0 1 0 0 0 0 0 1 0 1 0 0 1 1 0 0 1 1 1 1 0 0 1 1 1 0 1 1 1 1 0 1 0 0 1 0 1 0 0 0 0 0 1 0 0 1 1 0 
1 0 1 1 0 1 0 1 1 0 0 1 1 1 0 1 1 0 0 0 1 0 1 1 0 1 1 0 0 0 1 1 1 1 1 0 0 1 1 0 1 1 0 0 0 0 0 1 0 0 1 1 1 1 0 0 1 1 1 0 1 1 0 0 
0 0 0 0 0 0 1 0 1 1 0 0 1 1 0 0 0 1 1 0 0 0 1 0 0 0 0 1 0 1 0 1 1 1 0 0 1 1 1 1 1 1 0 1 0 0 0 0 1 1 1 1 1 1 0 0 1 1 1 0 1 1 0 0 
1 0 0 1 0 0 1 1 0 1 1 0 1 1 0 1 1 1 1 0 0 1 1 1 0 0 0 1 1 1 1 1 0 1 1 1 1 1 1 1 1 1 1 1 0 1 0 0 0 0 1 0 1 1 1 1 0 0 1 0 1 0 0 0 
1 0 1 0 1 1 1 1 0 0 1 0 0 1 0 0 1 0 1 0 0 1 0 1 0 1 0 1 0 1 1 1 0 0 1 0 0 1 1 1 0 1 0 0 0 1 0 0 1 0 1 1 0 0 0 1 1 1 1 0 0 1 1 0 
0 0 0 1 0 1 1 0 0 0 1 1 0 1 1 0 0 0 1 1 0 0 1 0 0 1 1 1 1 1 1 0 0 1 0 0 1 1 0 0 0 0 1 0 1 1 0 0 1 1 0 1 0 0 0 0 1 0 1 0 0 0 1 1 
1 1 0 0 1 1 1 1 1 0 0 1 0 1 1 1 1 0 1 0 0 0 1 0 0 1 1 1 1 1 0 1 1 0 1 0 1 1 1 1 0 1 0 0 0 0 0 0 1 0 1 1 1 1 0 0 1 1 0 1 0 1 0 0 
0 1 0 1 1 0 1 1 1 0 1 0 1 0 0 0 1 0 0 1 0 1 1 1 1 0 0 0 1 1 1 0 0 0 1 0 0 0 1 0 1 1 0 1 0 1 1 0 0 0 0 0 1 0 0 0 0 1 1 0 1 1 1 1 
1 1 1 1 0 0 0 0 0 1 0 0 1 1 1 1 0 1 0 1 1 1 0 0 0 1 1 1 1 0 0 0 1 1 0 0 0 0 1 1 0 1 0 0 1 1 1 1 0 0 0 0 0 1 0 1 1 0 1 1 1 0 0 0 
1 0 1 0 0 0 0 0 1 0 0 1 0 1 0 0 1 0 0 1 1 0 1 1 1 1 1 1 0 1 1 1 1 1 0 0 0 0 1 1 1 0 0 1 0 0 0 0 1 1 0 0 1 0 0 0 0 0 1 0 0 1 1 0 

Shortest matrix (124 generations) : 

0 0 0 1 1 1 1 0 1 1 1 0 0 0 1 1 0 1 1 0 0 0 0 0 1 0 0 1 0 1 1 1 0 1 0 0 0 0 0 1 1 0 1 1 1 1 1 0 1 0 1 1 1 0 1 0 0 1 1 1 0 0 0 0 
1 1 1 1 0 1 1 0 1 1 1 1 0 0 0 0 0 1 0 1 0 1 0 1 0 0 0 0 0 1 1 1 1 0 1 1 1 0 0 1 1 1 1 1 1 0 1 0 1 0 0 0 0 1 1 0 1 1 0 0 1 1 1 1 
0 0 1 0 1 0 1 0 1 1 1 0 0 1 0 0 1 0 1 1 1 1 1 0 1 1 1 0 0 0 1 0 1 0 0 1 0 0 1 1 0 0 1 1 0 1 0 1 0 0 1 1 0 1 1 0 0 0 0 1 1 1 0 0 
0 1 0 1 0 1 0 0 0 1 1 1 1 0 1 0 1 1 1 1 0 1 1 0 1 1 0 1 1 1 0 1 0 0 1 1 0 0 0 1 0 0 0 1 1 0 0 1 1 1 1 1 0 1 0 1 1 0 0 0 1 0 1 0 
0 1 1 0 1 1 0 1 1 0 0 1 0 0 1 1 1 1 1 0 0 0 0 1 1 1 0 0 0 0 0 0 1 1 0 0 0 0 1 1 1 1 1 0 1 1 1 0 0 0 1 1 1 0 0 1 1 0 0 1 1 0 0 0 
0 0 1 0 0 0 1 0 0 1 0 1 0 0 0 1 0 1 0 0 1 1 0 0 0 1 0 0 0 1 0 1 0 1 0 0 0 1 0 1 1 0 0 1 1 0 1 1 0 0 0 1 0 0 1 0 0 0 1 1 0 1 0 1 
0 1 0 1 0 1 1 0 0 1 1 0 1 1 0 0 0 1 0 1 1 0 0 0 0 0 0 1 1 0 0 1 1 1 1 1 0 1 1 0 1 1 0 0 0 1 0 0 1 1 0 1 1 1 0 1 1 0 1 0 0 0 1 0 
1 0 0 0 0 1 1 1 1 1 1 0 0 0 1 0 0 1 1 1 0 0 1 1 0 1 0 1 1 1 1 1 0 1 0 1 1 0 0 0 0 0 0 0 0 0 0 1 0 0 0 0 1 1 1 1 0 1 0 0 0 0 1 1 
0 1 1 1 0 0 1 1 1 1 0 1 0 1 0 0 1 1 0 1 0 1 0 0 0 0 0 1 0 1 1 0 1 1 0 0 1 1 1 0 1 1 1 0 0 0 0 1 1 1 0 0 1 1 0 0 0 1 1 0 1 1 0 1 
0 1 0 1 1 0 0 0 0 0 0 1 1 1 1 1 0 1 1 0 1 0 0 0 1 1 0 0 0 0 1 1 0 0 1 1 1 0 1 0 1 1 1 1 0 1 0 0 0 0 0 0 0 1 1 0 1 1 0 1 0 1 0 0 
0 0 0 0 0 0 1 0 1 0 1 1 1 0 1 0 0 0 1 1 1 0 0 0 0 1 1 0 0 0 1 1 1 1 1 0 0 0 1 0 1 0 1 1 0 0 0 0 0 0 1 1 0 1 1 1 1 0 0 1 0 0 1 0 
0 0 1 1 1 0 0 0 1 1 0 0 0 0 0 1 0 1 1 1 1 1 1 0 1 0 1 0 0 1 0 1 0 1 0 1 0 0 1 0 1 0 1 1 1 1 1 0 1 1 1 0 1 1 1 0 0 1 1 0 0 0 0 0 
1 1 1 0 1 1 0 0 0 0 1 1 1 1 1 0 1 1 0 1 1 0 0 1 1 0 0 1 1 1 1 1 0 1 0 0 0 1 1 0 0 0 1 0 0 0 0 1 0 0 0 1 0 1 1 0 1 1 1 0 0 0 0 1 
1 0 1 0 0 0 1 0 0 1 1 1 1 0 0 0 1 0 1 0 0 0 0 0 1 1 0 0 0 0 0 1 0 1 0 1 1 0 1 1 0 0 0 1 0 1 1 0 0 0 0 1 0 1 1 1 0 0 0 1 1 1 0 0 
1 0 0 0 1 1 0 0 0 1 0 0 0 1 1 1 0 1 1 1 0 1 1 1 0 0 0 1 0 0 0 1 1 1 0 1 0 1 0 0 1 1 0 1 1 1 1 0 1 0 1 0 1 0 0 1 1 1 1 0 1 1 1 1 
0 0 1 0 1 1 0 0 0 0 1 1 1 1 1 0 1 1 0 0 0 0 1 1 1 0 0 1 0 0 0 1 1 0 0 0 0 0 1 0 0 0 1 1 1 1 1 0 0 0 1 0 0 0 0 0 1 0 1 0 1 1 0 0 
1 0 1 0 1 1 1 1 0 0 1 1 1 1 0 0 1 1 1 0 1 0 1 1 0 0 0 1 0 0 1 1 1 1 0 1 1 0 0 1 0 1 0 1 0 1 1 1 1 1 1 1 0 0 1 0 1 1 0 1 0 1 0 0 
0 1 1 0 1 1 1 1 0 0 1 1 1 0 1 0 1 0 0 0 1 0 0 0 1 0 0 1 0 1 1 1 0 0 0 0 0 0 0 0 0 0 1 1 0 0 1 0 1 1 1 1 1 1 0 1 1 0 1 0 1 0 0 0 
1 0 0 1 1 0 1 0 0 1 1 0 0 0 0 0 1 1 1 0 1 0 1 0 0 1 1 0 0 1 0 1 1 1 0 1 0 1 0 1 0 1 1 1 1 0 0 1 0 0 1 0 0 1 1 1 1 1 0 0 0 1 1 0 
1 1 1 1 1 0 1 0 0 1 1 0 0 0 1 1 0 0 0 1 1 0 1 1 0 0 1 1 1 1 0 0 1 0 1 1 1 1 1 1 0 1 0 1 0 0 0 0 1 1 0 1 0 1 1 1 0 1 0 0 0 0 0 0 
1 1 0 0 1 0 0 1 1 0 0 0 0 0 0 1 1 0 1 1 1 0 0 1 0 1 1 1 0 0 0 1 1 0 0 1 0 1 0 1 0 1 0 0 1 1 1 0 1 0 1 1 0 0 0 0 1 0 0 0 0 0 0 1 
1 0 1 0 0 0 0 0 1 1 1 1 1 0 0 0 0 0 1 1 0 0 1 1 0 1 1 0 1 0 1 0 1 1 1 1 1 1 0 0 1 1 0 1 0 1 1 1 1 0 1 0 0 1 0 0 0 0 1 1 0 1 1 0 
1 0 1 1 1 1 0 1 1 1 0 0 1 0 0 1 0 1 0 0 1 1 1 0 1 0 1 0 1 0 0 1 1 0 1 1 0 1 1 1 0 0 1 0 0 1 0 0 0 1 0 1 0 1 0 0 1 0 0 1 1 1 1 1 
0 1 1 1 1 1 0 1 1 0 1 0 1 0 1 0 0 0 1 0 0 0 1 1 0 1 1 0 0 0 1 0 0 0 0 1 0 0 1 1 0 0 1 0 0 1 0 1 0 0 1 0 0 0 1 1 1 1 1 1 1 0 0 0 
1 0 0 1 0 1 0 1 0 0 1 0 1 1 0 1 1 1 0 1 1 0 0 1 0 1 1 1 1 0 1 0 0 1 0 0 1 0 0 0 1 0 1 0 1 1 1 1 1 0 1 1 0 1 1 1 0 0 0 0 1 0 1 1 
0 1 0 1 0 1 0 0 0 0 1 1 0 0 1 1 1 0 1 1 0 1 1 1 1 1 1 1 0 1 0 0 1 1 1 1 1 1 1 1 1 0 1 0 1 1 0 0 1 0 1 0 0 0 1 0 0 0 0 0 0 1 1 1 
0 1 0 1 1 0 1 1 0 0 1 0 1 1 1 1 0 0 1 0 0 1 1 1 1 0 1 0 0 1 1 0 0 0 0 1 0 1 0 0 0 0 1 0 0 1 0 0 1 0 0 0 0 0 1 1 0 0 0 1 1 1 0 1 
1 0 0 1 0 1 0 1 0 1 0 0 1 1 1 1 1 1 1 1 1 0 0 1 0 0 1 1 1 0 0 1 1 0 0 1 0 1 0 1 1 1 0 0 0 0 1 0 0 1 0 1 0 0 0 0 0 1 1 0 1 0 0 1 
0 0 1 0 1 1 0 1 0 0 0 0 1 1 1 1 1 0 1 1 1 1 0 1 0 1 1 0 1 0 1 1 1 1 0 1 1 1 0 0 0 0 1 1 1 1 0 1 1 1 1 0 0 1 1 1 0 0 1 1 0 0 1 1 
1 1 0 0 1 0 0 0 0 1 1 0 0 1 1 1 1 0 1 1 0 0 0 1 0 0 1 0 0 0 1 0 1 0 0 0 1 1 0 1 1 0 1 0 1 1 1 0 1 0 0 1 0 0 1 1 0 0 1 0 1 0 0 1 
1 1 0 1 1 1 1 0 0 1 0 1 0 1 1 0 1 0 1 1 1 0 1 1 1 0 0 1 0 1 0 0 1 1 1 1 1 0 1 1 0 0 1 1 0 1 1 1 1 1 1 0 0 1 1 0 0 0 0 0 1 1 0 1 
0 0 0 0 1 0 1 0 1 0 0 1 1 1 0 1 0 1 1 0 1 0 1 1 0 0 0 1 0 0 1 0 0 0 1 0 0 1 0 0 0 1 1 1 1 0 0 1 0 1 1 1 0 1 1 1 1 1 1 0 0 0 1 0 
0 1 0 0 0 0 1 1 0 1 0 1 1 0 1 1 0 1 0 1 0 0 1 0 0 1 1 1 1 1 0 1 0 1 1 0 0 1 1 0 0 0 1 0 1 0 1 0 1 0 0 1 1 1 1 0 0 1 1 1 0 1 1 0 
0 0 0 0 1 0 1 1 0 0 1 1 1 0 1 1 0 1 0 1 1 0 1 0 1 1 0 1 0 0 1 0 0 0 0 0 0 1 1 0 1 1 1 1 1 1 1 1 0 0 1 1 1 0 0 0 1 1 1 0 1 1 0 0 
1 1 1 0 1 1 1 0 0 0 0 0 1 0 0 1 1 0 0 0 0 1 0 0 0 1 0 0 1 1 0 1 1 1 0 1 0 0 0 1 1 0 0 1 1 0 1 1 1 0 0 1 1 1 1 1 1 1 0 1 1 0 0 1 
1 1 0 1 0 0 1 0 1 0 1 0 1 0 0 1 0 0 0 0 0 0 0 1 1 1 0 1 1 0 1 1 0 1 0 0 1 0 1 1 1 0 0 1 1 0 0 1 1 1 1 1 0 1 0 0 0 1 0 1 1 0 1 1 
0 1 1 0 1 1 1 0 0 0 1 0 1 1 1 0 1 0 0 1 1 1 1 1 0 1 1 1 1 1 0 0 0 1 0 1 0 0 0 1 0 1 0 1 0 1 1 1 1 1 0 0 1 1 0 0 1 1 1 0 0 1 1 1 
0 0 0 0 0 0 1 1 0 1 0 1 0 1 0 0 0 0 0 1 1 1 0 1 1 1 1 0 0 0 0 0 0 0 1 1 0 0 1 1 1 1 1 0 0 0 1 0 0 0 0 1 1 0 0 0 1 0 1 1 1 0 0 0 
1 1 0 1 1 0 1 1 1 1 0 0 1 1 1 1 1 0 0 0 0 1 0 0 1 0 1 1 1 0 1 1 1 1 1 1 0 0 0 0 1 1 1 1 0 1 0 1 0 1 1 0 0 1 0 1 1 1 0 0 1 0 1 1 
0 0 0 1 1 0 1 0 0 1 0 0 1 1 1 1 0 0 1 1 0 0 1 0 0 0 1 1 0 1 1 1 1 0 0 0 1 1 1 0 1 0 0 1 0 0 1 0 1 0 1 0 1 1 0 1 1 1 1 0 1 1 1 0 
1 1 0 1 0 0 0 0 0 0 1 1 1 0 1 0 0 0 0 0 1 1 1 0 0 0 0 0 1 1 1 0 1 0 1 1 1 1 0 1 1 0 1 1 0 1 0 1 0 0 0 0 0 1 0 1 1 1 1 0 1 0 0 1 
0 1 1 1 0 1 1 0 0 0 0 0 0 1 0 0 0 0 1 0 1 1 1 1 1 1 1 1 1 0 1 1 0 1 1 1 0 0 1 0 0 0 0 1 0 0 0 0 0 1 1 0 0 1 0 1 0 0 0 1 0 1 1 0 
0 1 0 0 0 1 0 0 1 1 0 1 0 1 1 0 1 1 0 1 0 0 1 1 1 0 1 0 1 1 1 0 0 0 0 1 0 1 0 0 0 1 1 0 1 1 0 0 0 0 1 0 1 1 1 0 0 1 0 1 1 1 1 0 
0 1 0 1 0 1 1 1 0 1 0 0 1 0 1 0 0 1 1 1 0 0 1 1 1 0 0 0 0 1 0 1 0 1 0 0 1 0 0 0 0 0 0 1 1 0 0 0 1 0 1 0 0 1 0 1 1 1 1 0 0 0 1 0 
1 1 0 0 1 0 1 1 0 0 1 0 1 0 0 1 0 0 1 0 1 1 0 0 1 1 0 0 1 1 1 1 0 1 1 1 0 0 1 1 0 1 1 0 1 1 0 0 1 0 1 1 0 0 0 1 1 0 0 1 0 1 1 0 
0 1 1 1 1 1 1 1 0 1 1 0 1 1 0 0 0 0 1 1 1 1 0 0 0 0 0 0 0 1 0 0 0 1 0 1 1 0 0 1 1 0 0 1 0 0 1 1 0 0 1 0 1 0 0 0 1 0 0 0 1 0 0 0 
0 0 0 0 1 1 0 0 1 1 0 0 0 1 1 0 1 1 1 1 0 0 1 0 1 1 0 1 1 1 1 0 1 0 0 1 0 0 1 0 1 0 0 0 1 0 1 1 1 1 1 1 0 1 0 1 1 0 0 1 1 1 0 0 
0 1 1 1 1 1 1 1 0 0 1 0 1 0 0 1 1 1 0 0 0 0 0 1 1 1 0 0 1 1 0 0 1 0 1 1 1 1 0 0 1 1 1 1 0 1 1 1 0 0 0 1 1 0 1 0 1 1 1 1 1 1 0 1 
0 1 0 0 1 0 1 0 0 1 1 1 1 0 1 0 0 1 1 0 0 0 1 0 1 0 0 0 0 1 1 1 1 0 1 1 1 0 0 0 1 0 1 0 1 0 1 0 1 0 0 1 0 0 1 0 0 0 0 0 1 0 0 0 
0 0 1 1 1 1 0 1 1 0 1 0 0 0 0 0 0 1 0 0 1 0 0 0 0 0 0 0 0 1 0 0 1 1 1 1 0 1 0 1 1 0 1 0 0 0 1 1 1 0 0 0 1 1 0 0 0 1 0 1 1 0 0 0 
1 1 1 1 1 1 0 0 1 0 0 1 0 0 0 1 0 0 0 0 0 1 0 0 0 1 1 1 0 1 0 0 1 0 0 1 0 1 0 0 0 0 0 1 0 1 0 1 0 0 1 1 1 1 1 1 0 0 0 0 1 1 0 0 
1 1 0 1 1 1 1 0 1 1 0 0 0 1 1 0 0 1 1 0 0 0 0 1 1 0 1 1 0 1 1 1 1 1 0 0 0 0 1 1 1 1 1 0 0 1 1 1 0 0 0 0 1 1 0 1 1 0 0 1 0 1 1 0 
1 1 0 0 0 1 0 1 0 0 0 0 1 1 1 0 1 0 1 1 0 0 1 0 1 1 0 1 0 0 1 1 0 1 1 1 0 1 0 0 1 0 1 0 0 0 1 0 0 1 1 0 0 0 0 1 1 1 0 0 0 1 1 1 
0 1 1 1 0 1 0 0 1 1 1 1 0 1 0 1 1 1 1 0 1 0 0 1 0 0 0 1 0 0 1 1 1 0 0 1 1 0 0 1 0 0 1 0 1 0 0 1 1 0 1 0 0 1 1 1 0 0 1 1 0 1 0 1 
1 0 1 0 0 0 1 1 1 1 0 1 1 0 1 0 0 1 0 0 0 0 0 1 0 1 0 0 1 1 0 0 1 1 1 1 0 0 1 1 1 0 1 1 1 1 0 1 0 0 1 0 1 0 0 0 0 0 1 0 0 1 1 0 
1 0 1 1 0 1 0 1 1 0 0 1 1 1 0 1 1 0 0 0 1 0 1 1 0 1 1 0 0 0 1 1 1 1 1 0 0 1 1 0 1 1 0 0 0 0 0 1 0 0 1 1 1 1 0 0 1 1 1 0 1 1 0 0 
0 0 0 0 0 0 1 0 1 1 0 0 1 1 0 0 0 1 1 0 0 0 1 0 0 0 0 1 0 1 0 1 1 1 0 0 1 1 1 1 1 1 0 1 0 0 0 0 1 1 1 1 1 1 0 0 1 1 1 0 1 1 0 0 
1 0 0 1 0 0 1 1 0 1 1 0 1 1 0 1 1 1 1 0 0 1 1 1 0 0 0 1 1 1 1 1 0 1 1 1 1 1 1 1 1 1 1 1 0 1 0 0 0 0 1 0 1 1 1 1 0 0 1 0 1 0 0 0 
1 0 1 0 1 1 1 1 0 0 1 0 0 1 0 0 1 0 1 0 0 1 0 1 0 1 0 1 0 1 1 1 0 0 1 0 0 1 1 1 0 1 0 0 0 1 0 0 1 0 1 1 0 0 0 1 1 1 1 0 0 1 1 0 
0 0 0 1 0 1 1 0 0 0 1 1 0 1 1 0 0 0 1 1 0 0 1 0 0 1 1 1 1 1 1 0 0 1 0 0 1 1 0 0 0 0 1 0 1 1 0 0 1 1 0 1 0 0 0 0 1 0 1 0 0 0 1 1 
1 1 0 0 1 1 1 1 1 0 0 1 0 1 1 1 1 0 1 0 0 0 1 0 0 1 1 1 1 1 0 1 1 0 1 0 1 1 1 1 0 1 0 0 0 0 0 0 1 0 1 1 1 1 0 0 1 1 0 1 0 1 0 0 
0 1 0 1 1 0 1 1 1 0 1 0 1 0 0 0 1 0 0 1 0 1 1 1 1 0 0 0 1 1 1 0 0 0 1 0 0 0 1 0 1 1 0 1 0 1 1 0 0 0 0 0 1 0 0 0 0 1 1 0 1 1 1 1 
1 1 1 1 0 0 0 0 0 1 0 0 1 1 1 1 0 1 0 1 1 1 0 0 0 1 1 1 1 0 0 0 1 1 0 0 0 0 1 1 0 1 0 0 1 1 1 1 0 0 0 0 0 1 0 1 1 0 1 1 1 0 0 0 
1 0 1 0 0 0 0 0 1 0 0 1 0 1 0 0 1 0 0 1 1 0 1 1 1 1 1 1 0 1 1 1 1 1 0 0 0 0 1 1 1 0 0 1 0 0 0 0 1 1 0 0 1 0 0 0 0 0 1 0 0 1 1 0 
