Random seeded populations, ran on 2/14/2017 11:49:02 AM
2287 populations in 23299.58 seconds
6.472105hours 388.3263minutes 23299.58 seconds
Average generations reached : 613
Highest generation reached : 10001
Lowest generation reached : 133
Longest matrix (10001 generations) : 

0 0 0 0 0 1 1 0 1 0 0 0 0 0 0 1 1 0 1 0 0 0 1 1 0 1 1 0 0 1 0 0 0 0 0 0 1 0 0 1 1 1 0 0 0 0 1 1 0 1 1 1 1 1 0 0 0 1 1 0 1 1 1 1 
1 0 1 0 1 0 1 0 1 1 1 1 0 1 0 0 0 0 0 1 0 1 0 1 1 1 0 1 0 1 0 1 1 0 1 1 1 0 1 0 0 1 0 0 0 1 1 1 1 0 1 0 0 1 1 1 0 1 1 1 0 0 0 1 
1 1 1 1 1 0 1 1 1 1 1 0 1 1 0 1 0 1 0 1 0 1 1 1 0 1 0 1 1 0 0 0 0 0 0 1 0 0 1 0 1 0 1 0 1 1 0 0 1 1 0 0 0 1 1 1 1 0 1 0 0 0 1 1 
0 1 0 0 1 1 1 0 1 1 1 0 0 0 0 1 1 1 1 1 0 0 1 1 0 0 0 1 0 1 0 1 1 0 0 1 0 0 0 0 0 1 1 1 0 1 1 1 1 0 0 1 1 0 0 1 0 1 0 1 0 1 0 0 
1 0 1 0 0 0 0 1 0 0 0 1 1 0 1 0 1 1 0 0 1 1 0 0 0 0 0 1 1 1 0 1 0 1 0 1 0 0 1 1 1 1 0 1 0 0 1 0 0 0 0 0 1 0 1 0 0 1 0 1 1 1 1 1 
0 0 0 1 1 1 0 0 1 0 0 0 0 1 0 0 1 1 0 0 0 0 0 0 0 1 0 0 1 0 1 0 0 0 0 0 1 0 1 0 0 1 0 0 0 1 1 1 0 0 1 1 0 0 0 1 0 1 1 1 0 1 0 0 
0 0 0 1 1 1 1 0 0 0 0 1 1 1 1 1 1 0 1 1 1 0 1 0 1 0 0 0 0 0 1 0 1 0 1 0 1 1 0 0 0 1 0 1 0 0 1 0 0 1 0 0 1 1 1 0 1 1 1 0 1 0 0 0 
0 0 1 1 1 0 1 0 0 1 1 0 0 1 1 0 0 1 1 0 0 1 0 0 1 0 0 1 0 1 1 0 1 1 0 1 1 1 0 0 1 0 0 0 0 0 1 0 0 0 0 1 1 1 1 0 1 0 1 1 1 1 0 1 
0 1 1 0 0 1 0 1 1 0 1 0 0 0 0 1 0 1 1 1 0 1 0 1 0 0 0 0 0 1 1 1 0 0 0 0 0 0 1 1 0 1 0 1 0 0 0 1 1 0 1 1 1 0 1 1 1 0 1 0 1 1 0 0 
0 0 1 0 0 1 0 1 0 1 0 1 1 1 0 1 0 0 1 1 1 0 0 0 0 0 0 0 0 1 0 1 0 0 0 0 1 1 1 0 1 1 1 1 1 1 1 0 1 1 1 0 0 0 0 1 1 1 0 0 0 0 1 1 
0 1 0 0 0 1 0 0 0 0 0 1 1 0 1 0 0 0 1 0 0 1 0 0 0 0 1 1 1 1 0 1 0 0 1 0 0 0 0 0 1 1 1 0 0 1 0 0 0 1 0 1 0 1 0 0 0 1 0 0 1 1 1 1 
0 1 0 1 0 1 1 1 1 1 1 1 1 0 1 0 1 1 0 1 0 1 0 1 1 0 1 0 1 1 0 0 1 1 0 0 0 0 1 0 0 1 1 0 1 1 1 1 1 0 1 0 0 0 0 1 0 1 1 0 0 1 1 1 
0 1 0 1 1 1 1 1 0 0 0 0 1 0 1 1 0 0 0 0 1 1 1 1 1 0 1 1 0 0 0 1 0 1 0 1 0 1 1 0 1 1 1 0 0 0 0 1 0 0 1 1 1 0 0 1 0 0 1 1 1 0 1 1 
0 1 1 1 1 0 0 1 1 0 1 0 0 1 1 0 1 0 0 1 0 0 0 0 1 1 1 1 1 1 1 0 0 1 0 1 1 0 1 0 0 0 1 1 1 0 0 1 1 0 0 0 1 0 1 0 1 0 0 1 1 0 0 1 
1 0 1 1 0 1 0 0 1 1 1 1 0 1 1 0 1 0 1 0 0 1 1 0 1 0 0 1 0 0 0 0 0 0 0 1 1 0 0 1 0 1 0 1 1 0 0 1 0 1 1 1 1 1 0 1 1 1 0 0 0 1 1 1 
1 1 0 0 1 1 1 1 0 1 0 1 0 1 1 0 1 0 0 1 1 1 1 0 0 0 1 0 1 1 1 1 0 0 0 1 0 1 0 1 1 1 1 1 0 0 1 0 0 1 1 0 1 1 1 1 0 1 1 0 0 0 0 0 
0 1 0 0 0 1 1 1 1 1 1 1 1 1 1 0 0 0 0 0 1 1 0 1 1 0 1 0 1 0 1 0 1 1 0 1 0 1 0 0 1 1 0 1 0 0 0 0 0 1 1 0 0 1 1 0 0 0 1 1 1 0 1 1 
0 1 0 1 0 1 0 0 1 0 0 1 1 1 1 1 0 1 1 0 0 0 0 1 0 1 0 0 0 0 1 1 1 1 1 1 0 0 1 1 1 1 0 0 0 0 0 0 1 1 1 0 1 1 0 1 0 1 1 0 0 1 1 0 
0 1 1 1 1 1 0 1 1 1 1 0 1 1 0 0 1 0 1 1 1 0 0 1 1 1 0 1 0 1 1 1 0 0 0 1 1 1 0 0 0 1 0 0 0 1 1 1 1 1 0 1 0 0 0 1 0 1 1 0 1 0 0 1 
1 0 0 0 1 1 0 1 1 0 0 0 1 1 0 1 1 0 1 1 0 1 1 0 1 0 0 0 0 0 0 0 0 0 1 0 1 0 0 0 1 0 1 0 0 0 0 0 1 0 1 0 0 1 0 1 0 0 0 1 1 1 0 1 
1 1 0 1 1 0 1 1 0 1 1 0 1 1 0 1 1 0 1 0 1 0 1 0 1 0 0 0 1 0 1 0 1 0 0 0 1 1 0 0 1 0 1 1 1 0 1 0 1 1 0 0 0 0 1 1 0 1 1 1 0 1 1 1 
1 1 1 1 1 1 1 0 1 1 1 0 0 0 0 1 1 0 0 1 1 0 1 0 0 0 1 1 0 1 0 1 1 1 1 0 0 0 1 1 0 1 1 1 1 0 0 1 1 1 0 1 0 0 1 1 1 1 0 1 1 0 1 1 
1 1 0 1 0 1 0 1 0 1 0 1 0 1 1 0 1 1 0 0 0 1 0 1 1 0 0 0 0 1 1 1 0 1 0 0 0 1 1 0 1 0 0 0 0 0 0 0 0 0 1 0 1 0 0 1 0 0 0 0 1 1 1 1 
0 0 1 1 0 0 1 1 0 0 1 1 0 0 1 1 0 0 1 1 0 0 0 0 0 1 0 1 1 0 1 0 0 0 0 0 1 1 0 1 0 0 1 0 0 1 0 0 1 1 1 1 1 1 0 1 0 1 0 1 0 1 1 0 
1 1 1 1 1 0 1 1 0 1 1 0 1 0 1 0 0 1 1 1 1 0 0 1 1 1 1 0 1 1 0 0 0 1 1 1 1 1 1 0 1 0 0 0 1 1 0 0 0 1 1 0 0 1 1 1 1 1 1 0 0 1 1 0 
0 1 1 1 0 0 0 0 1 0 0 1 1 1 1 1 1 0 0 1 0 1 1 0 1 1 0 0 0 0 0 0 1 1 0 1 0 0 0 0 0 0 0 1 0 1 0 0 1 0 0 0 1 0 0 0 1 1 0 1 1 1 1 0 
0 0 1 1 0 0 1 1 1 0 0 1 1 1 1 0 0 0 1 1 1 0 0 0 1 0 0 1 1 1 0 1 1 0 1 0 0 1 0 0 1 1 0 1 1 1 1 0 0 1 1 0 0 1 1 0 0 0 1 0 1 0 1 0 
1 0 0 1 0 1 1 1 1 0 0 0 0 0 0 1 1 1 1 0 0 1 0 1 0 1 0 1 0 0 0 0 1 1 1 1 1 1 1 0 1 0 1 1 1 0 0 0 0 1 0 0 1 1 1 1 1 1 1 0 1 1 0 1 
1 1 1 1 0 1 0 0 0 1 1 1 1 0 0 0 0 1 1 1 0 1 1 0 1 0 1 0 0 1 0 0 1 1 1 0 1 0 1 0 0 0 1 0 0 1 1 0 1 0 0 0 0 0 1 1 0 0 0 0 0 0 0 1 
1 0 0 1 0 1 0 1 0 0 1 0 1 0 0 0 0 0 0 0 0 0 0 0 1 1 0 0 0 0 1 1 0 0 0 0 0 1 1 0 0 0 1 1 1 0 1 0 1 1 0 1 0 1 1 1 1 1 0 0 1 1 0 0 
1 0 0 0 1 1 1 0 0 1 0 1 1 1 1 1 1 1 1 1 0 0 0 1 1 1 0 1 1 0 1 1 0 1 1 1 1 0 1 0 0 0 0 1 1 1 1 0 1 0 0 1 1 1 0 1 0 0 1 1 0 0 0 1 
0 0 1 0 0 1 1 0 0 0 1 1 1 1 1 1 1 1 0 1 1 1 0 0 0 0 0 1 1 0 0 0 1 1 1 0 1 1 0 1 1 1 1 0 0 0 1 1 0 0 1 1 1 0 0 0 0 1 0 0 0 1 0 0 
1 1 0 1 0 1 0 1 0 0 0 1 0 0 1 0 0 1 1 0 0 0 1 1 1 1 0 0 1 1 0 1 0 0 1 0 1 1 1 0 0 1 0 0 1 1 1 1 1 1 0 1 1 1 0 0 1 1 1 0 0 1 0 0 
1 0 0 0 0 1 1 0 0 0 1 1 1 1 1 1 1 0 0 1 0 1 1 0 0 0 0 0 1 1 1 1 1 1 0 0 0 0 0 1 1 0 1 1 0 0 1 1 1 1 0 1 0 1 0 0 0 1 0 1 1 0 1 0 
0 0 0 0 1 0 1 0 0 1 1 1 0 1 1 1 1 0 1 0 0 0 0 0 1 0 1 1 0 0 0 0 1 0 1 1 0 1 0 0 0 0 0 0 1 1 1 0 0 1 1 1 0 1 0 0 1 1 1 1 1 0 1 1 
1 1 0 0 0 1 1 0 1 1 1 1 1 0 0 0 0 0 1 1 1 0 1 1 1 1 0 1 1 1 1 0 0 1 1 1 0 0 0 1 0 1 1 0 1 1 1 1 1 0 1 1 1 1 0 1 1 0 1 1 0 0 1 0 
1 0 1 1 0 1 1 0 1 1 0 0 1 0 0 0 1 0 1 1 0 1 0 0 0 0 0 0 1 1 0 0 0 1 1 0 0 1 0 0 0 0 0 1 1 1 1 0 0 1 0 1 0 0 1 0 0 1 0 1 0 0 0 0 
1 0 0 1 1 1 0 0 1 1 0 0 1 1 0 1 0 0 0 0 1 0 0 1 0 0 1 1 1 1 1 0 1 1 0 1 1 0 1 0 1 1 1 0 1 1 1 0 1 1 1 1 0 0 0 0 1 1 1 1 0 0 0 1 
1 1 1 1 1 0 1 0 0 0 1 1 0 1 0 0 0 0 0 1 0 0 1 0 1 1 1 0 1 0 0 0 1 0 1 0 1 1 1 1 0 1 0 0 1 1 0 1 1 0 1 0 0 0 1 0 1 1 0 0 0 0 1 1 
0 1 1 0 0 1 0 0 1 0 0 1 0 0 1 1 0 1 1 0 0 0 0 1 1 0 0 1 1 1 1 1 0 0 1 1 1 1 0 1 0 1 0 0 1 0 1 1 0 1 0 0 1 0 0 0 0 0 0 0 1 1 0 0 
0 0 1 0 1 0 1 1 1 0 0 1 1 0 1 0 0 1 1 0 0 0 1 0 0 0 1 0 0 1 0 0 1 0 1 0 0 1 0 0 1 0 0 0 0 1 0 0 1 1 1 1 0 1 0 1 1 1 1 1 1 1 0 0 
0 0 0 1 0 0 0 1 1 0 0 0 1 0 0 0 0 1 0 0 1 1 1 1 1 0 1 0 0 0 1 1 1 0 1 0 1 0 0 0 1 0 1 1 0 0 0 0 0 1 0 1 1 1 0 0 1 1 1 1 0 1 0 0 
1 0 1 1 0 0 0 0 0 1 1 0 1 0 0 0 1 0 0 0 1 1 1 0 0 1 1 0 1 0 0 1 0 1 0 0 1 1 0 0 0 1 1 0 1 1 1 0 0 0 1 1 0 1 1 0 1 0 1 1 1 1 1 0 
0 0 0 0 0 1 1 1 1 0 0 1 1 1 1 0 0 0 0 1 0 1 0 0 0 1 1 0 0 1 1 1 0 0 1 0 0 0 1 1 0 0 1 1 0 1 0 1 1 0 1 0 0 0 1 0 0 0 0 0 0 1 1 0 
1 1 0 1 1 1 0 1 0 1 1 1 1 0 0 1 0 1 0 1 0 1 0 1 1 1 1 1 0 1 1 1 1 0 0 1 1 1 0 1 1 0 0 1 1 1 0 0 1 1 1 1 0 1 1 0 0 0 0 1 1 1 1 0 
0 0 0 0 0 0 0 1 0 0 1 0 1 1 1 0 0 0 0 1 0 0 1 0 1 0 1 1 0 1 0 0 1 0 0 0 1 1 0 0 0 1 0 1 1 1 0 0 0 1 0 0 1 0 0 0 1 1 0 1 0 0 0 0 
1 0 0 0 0 1 1 1 1 1 1 0 0 0 0 0 0 1 0 0 1 0 0 1 0 0 0 0 1 1 1 1 1 0 0 0 1 1 1 0 0 0 1 1 0 0 0 1 0 1 0 0 0 0 1 1 1 1 0 0 0 0 1 1 
0 1 1 0 0 1 1 0 1 0 1 1 0 1 0 0 0 1 1 0 0 1 1 0 1 0 0 0 0 1 1 1 0 0 0 0 0 0 0 1 0 0 1 1 0 0 1 1 0 0 0 0 1 0 1 0 1 0 0 1 1 0 1 1 
1 1 0 1 1 0 0 1 1 0 1 1 1 0 0 1 1 1 0 1 0 1 1 0 1 1 1 0 1 1 1 1 0 1 0 1 1 0 0 0 0 1 0 0 0 0 0 0 1 0 1 1 0 1 1 1 0 0 1 1 0 1 1 1 
1 0 0 0 1 0 1 0 0 1 0 1 0 1 0 1 0 0 1 0 1 1 1 1 0 0 0 1 0 0 1 1 1 0 0 1 0 1 1 1 1 1 1 1 1 1 1 1 0 1 1 0 0 0 1 0 0 0 0 1 0 0 1 0 
0 0 0 1 1 0 0 0 1 0 1 0 1 0 1 1 0 1 0 0 0 1 1 0 0 1 1 0 0 0 0 1 0 0 1 0 1 1 1 0 1 0 1 1 1 1 0 1 0 0 0 1 0 0 1 1 1 0 0 1 1 0 1 1 
1 1 1 1 1 1 1 1 1 1 0 1 1 1 1 1 1 1 1 0 1 1 1 0 1 1 1 0 0 1 0 0 1 0 0 1 0 1 0 1 0 0 0 0 1 0 0 0 1 1 0 1 1 0 0 1 1 1 1 1 0 0 0 1 
1 1 1 0 1 1 0 0 1 0 0 1 1 1 0 0 1 0 1 1 0 1 1 1 0 0 0 0 1 0 0 1 1 0 1 0 0 0 0 1 1 0 0 0 0 1 0 0 0 1 1 1 1 1 0 1 0 0 1 0 1 0 1 1 
1 0 0 1 1 0 1 0 0 0 0 1 1 0 0 1 1 0 1 0 0 1 1 0 1 0 1 0 0 0 0 0 0 0 1 1 0 0 1 0 1 0 0 0 0 0 1 1 1 1 1 0 0 1 1 1 0 0 0 0 0 1 1 1 
0 0 1 1 0 0 1 0 0 1 0 0 1 1 0 1 0 0 1 1 0 1 1 1 0 1 1 1 0 0 0 1 1 0 1 1 0 0 0 0 1 1 1 1 1 1 1 0 0 1 0 1 1 1 0 1 1 0 0 0 0 0 1 1 
0 1 1 1 1 1 0 0 1 1 0 1 0 1 1 1 1 0 0 0 1 0 1 0 1 0 1 0 0 0 0 0 1 1 1 1 0 0 0 0 0 0 1 0 1 0 0 1 1 1 0 0 0 1 0 1 0 0 0 1 0 0 1 0 
0 1 1 1 1 1 1 1 1 0 1 1 1 1 1 1 1 1 1 1 0 0 1 1 1 1 0 1 0 0 0 0 1 1 1 0 0 0 1 1 1 0 0 0 1 0 1 0 0 0 0 1 1 0 0 1 0 1 0 1 1 1 1 0 
1 0 0 1 0 0 1 1 1 1 0 0 1 0 1 1 0 0 0 1 1 1 0 0 1 1 0 1 1 0 1 0 1 0 1 0 1 0 0 0 1 0 0 1 0 1 0 0 0 0 1 1 0 0 0 1 0 1 0 1 1 0 0 0 
0 1 1 0 1 0 1 1 1 1 0 0 0 1 1 1 0 0 0 0 1 1 1 1 1 1 0 0 1 0 0 0 0 1 0 1 1 0 0 1 1 1 1 1 0 1 1 1 1 0 1 0 1 0 0 1 1 1 0 0 0 0 0 0 
0 1 0 1 1 1 0 1 0 1 1 0 0 0 1 0 1 0 1 0 0 1 1 1 0 0 0 1 0 1 1 1 0 1 0 0 0 0 1 1 1 1 0 0 1 0 0 0 1 1 0 1 1 0 0 0 0 1 0 1 1 1 0 1 
1 1 0 0 0 1 0 0 0 0 1 0 0 1 1 1 1 1 0 0 1 0 1 1 0 0 0 1 1 0 1 0 0 1 0 1 1 0 1 0 1 0 1 1 1 1 1 0 0 1 0 0 1 1 0 0 1 0 0 1 1 1 0 1 
0 1 1 0 0 0 1 1 0 1 0 1 0 1 1 1 0 1 0 1 0 1 1 1 0 1 1 0 0 0 0 1 0 1 0 0 1 0 1 1 1 0 1 0 0 1 0 1 1 0 1 0 0 0 1 1 0 1 1 0 1 1 1 0 
1 0 1 0 0 1 1 0 0 1 1 1 1 0 1 0 0 0 0 1 0 1 0 1 0 1 1 1 1 1 1 0 0 1 1 0 1 0 0 1 0 0 0 1 0 1 0 0 0 0 1 0 1 0 1 1 1 1 1 1 1 1 0 0 
1 1 0 1 1 1 0 0 1 0 0 0 0 1 1 1 1 1 1 1 0 0 0 0 1 1 1 1 0 0 0 1 1 1 1 0 1 0 1 1 1 1 1 0 0 1 0 1 0 1 0 1 1 0 0 0 0 0 1 0 1 1 0 1 

Shortest matrix (133 generations) : 

0 0 0 0 0 1 1 0 1 0 0 0 0 0 0 1 1 0 1 0 0 0 1 1 0 1 1 0 0 1 0 0 0 0 0 0 1 0 0 1 1 1 0 0 0 0 1 1 0 1 1 1 1 1 0 0 0 1 1 0 1 1 1 1 
1 0 1 0 1 0 1 0 1 1 1 1 0 1 0 0 0 0 0 1 0 1 0 1 1 1 0 1 0 1 0 1 1 0 1 1 1 0 1 0 0 1 0 0 0 1 1 1 1 0 1 0 0 1 1 1 0 1 1 1 0 0 0 1 
1 1 1 1 1 0 1 1 1 1 1 0 1 1 0 1 0 1 0 1 0 1 1 1 0 1 0 1 1 0 0 0 0 0 0 1 0 0 1 0 1 0 1 0 1 1 0 0 1 1 0 0 0 1 1 1 1 0 1 0 0 0 1 1 
0 1 0 0 1 1 1 0 1 1 1 0 0 0 0 1 1 1 1 1 0 0 1 1 0 0 0 1 0 1 0 1 1 0 0 1 0 0 0 0 0 1 1 1 0 1 1 1 1 0 0 1 1 0 0 1 0 1 0 1 0 1 0 0 
1 0 1 0 0 0 0 1 0 0 0 1 1 0 1 0 1 1 0 0 1 1 0 0 0 0 0 1 1 1 0 1 0 1 0 1 0 0 1 1 1 1 0 1 0 0 1 0 0 0 0 0 1 0 1 0 0 1 0 1 1 1 1 1 
0 0 0 1 1 1 0 0 1 0 0 0 0 1 0 0 1 1 0 0 0 0 0 0 0 1 0 0 1 0 1 0 0 0 0 0 1 0 1 0 0 1 0 0 0 1 1 1 0 0 1 1 0 0 0 1 0 1 1 1 0 1 0 0 
0 0 0 1 1 1 1 0 0 0 0 1 1 1 1 1 1 0 1 1 1 0 1 0 1 0 0 0 0 0 1 0 1 0 1 0 1 1 0 0 0 1 0 1 0 0 1 0 0 1 0 0 1 1 1 0 1 1 1 0 1 0 0 0 
0 0 1 1 1 0 1 0 0 1 1 0 0 1 1 0 0 1 1 0 0 1 0 0 1 0 0 1 0 1 1 0 1 1 0 1 1 1 0 0 1 0 0 0 0 0 1 0 0 0 0 1 1 1 1 0 1 0 1 1 1 1 0 1 
0 1 1 0 0 1 0 1 1 0 1 0 0 0 0 1 0 1 1 1 0 1 0 1 0 0 0 0 0 1 1 1 0 0 0 0 0 0 1 1 0 1 0 1 0 0 0 1 1 0 1 1 1 0 1 1 1 0 1 0 1 1 0 0 
0 0 1 0 0 1 0 1 0 1 0 1 1 1 0 1 0 0 1 1 1 0 0 0 0 0 0 0 0 1 0 1 0 0 0 0 1 1 1 0 1 1 1 1 1 1 1 0 1 1 1 0 0 0 0 1 1 1 0 0 0 0 1 1 
0 1 0 0 0 1 0 0 0 0 0 1 1 0 1 0 0 0 1 0 0 1 0 0 0 0 1 1 1 1 0 1 0 0 1 0 0 0 0 0 1 1 1 0 0 1 0 0 0 1 0 1 0 1 0 0 0 1 0 0 1 1 1 1 
0 1 0 1 0 1 1 1 1 1 1 1 1 0 1 0 1 1 0 1 0 1 0 1 1 0 1 0 1 1 0 0 1 1 0 0 0 0 1 0 0 1 1 0 1 1 1 1 1 0 1 0 0 0 0 1 0 1 1 0 0 1 1 1 
0 1 0 1 1 1 1 1 0 0 0 0 1 0 1 1 0 0 0 0 1 1 1 1 1 0 1 1 0 0 0 1 0 1 0 1 0 1 1 0 1 1 1 0 0 0 0 1 0 0 1 1 1 0 0 1 0 0 1 1 1 0 1 1 
0 1 1 1 1 0 0 1 1 0 1 0 0 1 1 0 1 0 0 1 0 0 0 0 1 1 1 1 1 1 1 0 0 1 0 1 1 0 1 0 0 0 1 1 1 0 0 1 1 0 0 0 1 0 1 0 1 0 0 1 1 0 0 1 
1 0 1 1 0 1 0 0 1 1 1 1 0 1 1 0 1 0 1 0 0 1 1 0 1 0 0 1 0 0 0 0 0 0 0 1 1 0 0 1 0 1 0 1 1 0 0 1 0 1 1 1 1 1 0 1 1 1 0 0 0 1 1 1 
1 1 0 0 1 1 1 1 0 1 0 1 0 1 1 0 1 0 0 1 1 1 1 0 0 0 1 0 1 1 1 1 0 0 0 1 0 1 0 1 1 1 1 1 0 0 1 0 0 1 1 0 1 1 1 1 0 1 1 0 0 0 0 0 
0 1 0 0 0 1 1 1 1 1 1 1 1 1 1 0 0 0 0 0 1 1 0 1 1 0 1 0 1 0 1 0 1 1 0 1 0 1 0 0 1 1 0 1 0 0 0 0 0 1 1 0 0 1 1 0 0 0 1 1 1 0 1 1 
0 1 0 1 0 1 0 0 1 0 0 1 1 1 1 1 0 1 1 0 0 0 0 1 0 1 0 0 0 0 1 1 1 1 1 1 0 0 1 1 1 1 0 0 0 0 0 0 1 1 1 0 1 1 0 1 0 1 1 0 0 1 1 0 
0 1 1 1 1 1 0 1 1 1 1 0 1 1 0 0 1 0 1 1 1 0 0 1 1 1 0 1 0 1 1 1 0 0 0 1 1 1 0 0 0 1 0 0 0 1 1 1 1 1 0 1 0 0 0 1 0 1 1 0 1 0 0 1 
1 0 0 0 1 1 0 1 1 0 0 0 1 1 0 1 1 0 1 1 0 1 1 0 1 0 0 0 0 0 0 0 0 0 1 0 1 0 0 0 1 0 1 0 0 0 0 0 1 0 1 0 0 1 0 1 0 0 0 1 1 1 0 1 
1 1 0 1 1 0 1 1 0 1 1 0 1 1 0 1 1 0 1 0 1 0 1 0 1 0 0 0 1 0 1 0 1 0 0 0 1 1 0 0 1 0 1 1 1 0 1 0 1 1 0 0 0 0 1 1 0 1 1 1 0 1 1 1 
1 1 1 1 1 1 1 0 1 1 1 0 0 0 0 1 1 0 0 1 1 0 1 0 0 0 1 1 0 1 0 1 1 1 1 0 0 0 1 1 0 1 1 1 1 0 0 1 1 1 0 1 0 0 1 1 1 1 0 1 1 0 1 1 
1 1 0 1 0 1 0 1 0 1 0 1 0 1 1 0 1 1 0 0 0 1 0 1 1 0 0 0 0 1 1 1 0 1 0 0 0 1 1 0 1 0 0 0 0 0 0 0 0 0 1 0 1 0 0 1 0 0 0 0 1 1 1 1 
0 0 1 1 0 0 1 1 0 0 1 1 0 0 1 1 0 0 1 1 0 0 0 0 0 1 0 1 1 0 1 0 0 0 0 0 1 1 0 1 0 0 1 0 0 1 0 0 1 1 1 1 1 1 0 1 0 1 0 1 0 1 1 0 
1 1 1 1 1 0 1 1 0 1 1 0 1 0 1 0 0 1 1 1 1 0 0 1 1 1 1 0 1 1 0 0 0 1 1 1 1 1 1 0 1 0 0 0 1 1 0 0 0 1 1 0 0 1 1 1 1 1 1 0 0 1 1 0 
0 1 1 1 0 0 0 0 1 0 0 1 1 1 1 1 1 0 0 1 0 1 1 0 1 1 0 0 0 0 0 0 1 1 0 1 0 0 0 0 0 0 0 1 0 1 0 0 1 0 0 0 1 0 0 0 1 1 0 1 1 1 1 0 
0 0 1 1 0 0 1 1 1 0 0 1 1 1 1 0 0 0 1 1 1 0 0 0 1 0 0 1 1 1 0 1 1 0 1 0 0 1 0 0 1 1 0 1 1 1 1 0 0 1 1 0 0 1 1 0 0 0 1 0 1 0 1 0 
1 0 0 1 0 1 1 1 1 0 0 0 0 0 0 1 1 1 1 0 0 1 0 1 0 1 0 1 0 0 0 0 1 1 1 1 1 1 1 0 1 0 1 1 1 0 0 0 0 1 0 0 1 1 1 1 1 1 1 0 1 1 0 1 
1 1 1 1 0 1 0 0 0 1 1 1 1 0 0 0 0 1 1 1 0 1 1 0 1 0 1 0 0 1 0 0 1 1 1 0 1 0 1 0 0 0 1 0 0 1 1 0 1 0 0 0 0 0 1 1 0 0 0 0 0 0 0 1 
1 0 0 1 0 1 0 1 0 0 1 0 1 0 0 0 0 0 0 0 0 0 0 0 1 1 0 0 0 0 1 1 0 0 0 0 0 1 1 0 0 0 1 1 1 0 1 0 1 1 0 1 0 1 1 1 1 1 0 0 1 1 0 0 
1 0 0 0 1 1 1 0 0 1 0 1 1 1 1 1 1 1 1 1 0 0 0 1 1 1 0 1 1 0 1 1 0 1 1 1 1 0 1 0 0 0 0 1 1 1 1 0 1 0 0 1 1 1 0 1 0 0 1 1 0 0 0 1 
0 0 1 0 0 1 1 0 0 0 1 1 1 1 1 1 1 1 0 1 1 1 0 0 0 0 0 1 1 0 0 0 1 1 1 0 1 1 0 1 1 1 1 0 0 0 1 1 0 0 1 1 1 0 0 0 0 1 0 0 0 1 0 0 
1 1 0 1 0 1 0 1 0 0 0 1 0 0 1 0 0 1 1 0 0 0 1 1 1 1 0 0 1 1 0 1 0 0 1 0 1 1 1 0 0 1 0 0 1 1 1 1 1 1 0 1 1 1 0 0 1 1 1 0 0 1 0 0 
1 0 0 0 0 1 1 0 0 0 1 1 1 1 1 1 1 0 0 1 0 1 1 0 0 0 0 0 1 1 1 1 1 1 0 0 0 0 0 1 1 0 1 1 0 0 1 1 1 1 0 1 0 1 0 0 0 1 0 1 1 0 1 0 
0 0 0 0 1 0 1 0 0 1 1 1 0 1 1 1 1 0 1 0 0 0 0 0 1 0 1 1 0 0 0 0 1 0 1 1 0 1 0 0 0 0 0 0 1 1 1 0 0 1 1 1 0 1 0 0 1 1 1 1 1 0 1 1 
1 1 0 0 0 1 1 0 1 1 1 1 1 0 0 0 0 0 1 1 1 0 1 1 1 1 0 1 1 1 1 0 0 1 1 1 0 0 0 1 0 1 1 0 1 1 1 1 1 0 1 1 1 1 0 1 1 0 1 1 0 0 1 0 
1 0 1 1 0 1 1 0 1 1 0 0 1 0 0 0 1 0 1 1 0 1 0 0 0 0 0 0 1 1 0 0 0 1 1 0 0 1 0 0 0 0 0 1 1 1 1 0 0 1 0 1 0 0 1 0 0 1 0 1 0 0 0 0 
1 0 0 1 1 1 0 0 1 1 0 0 1 1 0 1 0 0 0 0 1 0 0 1 0 0 1 1 1 1 1 0 1 1 0 1 1 0 1 0 1 1 1 0 1 1 1 0 1 1 1 1 0 0 0 0 1 1 1 1 0 0 0 1 
1 1 1 1 1 0 1 0 0 0 1 1 0 1 0 0 0 0 0 1 0 0 1 0 1 1 1 0 1 0 0 0 1 0 1 0 1 1 1 1 0 1 0 0 1 1 0 1 1 0 1 0 0 0 1 0 1 1 0 0 0 0 1 1 
0 1 1 0 0 1 0 0 1 0 0 1 0 0 1 1 0 1 1 0 0 0 0 1 1 0 0 1 1 1 1 1 0 0 1 1 1 1 0 1 0 1 0 0 1 0 1 1 0 1 0 0 1 0 0 0 0 0 0 0 1 1 0 0 
0 0 1 0 1 0 1 1 1 0 0 1 1 0 1 0 0 1 1 0 0 0 1 0 0 0 1 0 0 1 0 0 1 0 1 0 0 1 0 0 1 0 0 0 0 1 0 0 1 1 1 1 0 1 0 1 1 1 1 1 1 1 0 0 
0 0 0 1 0 0 0 1 1 0 0 0 1 0 0 0 0 1 0 0 1 1 1 1 1 0 1 0 0 0 1 1 1 0 1 0 1 0 0 0 1 0 1 1 0 0 0 0 0 1 0 1 1 1 0 0 1 1 1 1 0 1 0 0 
1 0 1 1 0 0 0 0 0 1 1 0 1 0 0 0 1 0 0 0 1 1 1 0 0 1 1 0 1 0 0 1 0 1 0 0 1 1 0 0 0 1 1 0 1 1 1 0 0 0 1 1 0 1 1 0 1 0 1 1 1 1 1 0 
0 0 0 0 0 1 1 1 1 0 0 1 1 1 1 0 0 0 0 1 0 1 0 0 0 1 1 0 0 1 1 1 0 0 1 0 0 0 1 1 0 0 1 1 0 1 0 1 1 0 1 0 0 0 1 0 0 0 0 0 0 1 1 0 
1 1 0 1 1 1 0 1 0 1 1 1 1 0 0 1 0 1 0 1 0 1 0 1 1 1 1 1 0 1 1 1 1 0 0 1 1 1 0 1 1 0 0 1 1 1 0 0 1 1 1 1 0 1 1 0 0 0 0 1 1 1 1 0 
0 0 0 0 0 0 0 1 0 0 1 0 1 1 1 0 0 0 0 1 0 0 1 0 1 0 1 1 0 1 0 0 1 0 0 0 1 1 0 0 0 1 0 1 1 1 0 0 0 1 0 0 1 0 0 0 1 1 0 1 0 0 0 0 
1 0 0 0 0 1 1 1 1 1 1 0 0 0 0 0 0 1 0 0 1 0 0 1 0 0 0 0 1 1 1 1 1 0 0 0 1 1 1 0 0 0 1 1 0 0 0 1 0 1 0 0 0 0 1 1 1 1 0 0 0 0 1 1 
0 1 1 0 0 1 1 0 1 0 1 1 0 1 0 0 0 1 1 0 0 1 1 0 1 0 0 0 0 1 1 1 0 0 0 0 0 0 0 1 0 0 1 1 0 0 1 1 0 0 0 0 1 0 1 0 1 0 0 1 1 0 1 1 
1 1 0 1 1 0 0 1 1 0 1 1 1 0 0 1 1 1 0 1 0 1 1 0 1 1 1 0 1 1 1 1 0 1 0 1 1 0 0 0 0 1 0 0 0 0 0 0 1 0 1 1 0 1 1 1 0 0 1 1 0 1 1 1 
1 0 0 0 1 0 1 0 0 1 0 1 0 1 0 1 0 0 1 0 1 1 1 1 0 0 0 1 0 0 1 1 1 0 0 1 0 1 1 1 1 1 1 1 1 1 1 1 0 1 1 0 0 0 1 0 0 0 0 1 0 0 1 0 
0 0 0 1 1 0 0 0 1 0 1 0 1 0 1 1 0 1 0 0 0 1 1 0 0 1 1 0 0 0 0 1 0 0 1 0 1 1 1 0 1 0 1 1 1 1 0 1 0 0 0 1 0 0 1 1 1 0 0 1 1 0 1 1 
1 1 1 1 1 1 1 1 1 1 0 1 1 1 1 1 1 1 1 0 1 1 1 0 1 1 1 0 0 1 0 0 1 0 0 1 0 1 0 1 0 0 0 0 1 0 0 0 1 1 0 1 1 0 0 1 1 1 1 1 0 0 0 1 
1 1 1 0 1 1 0 0 1 0 0 1 1 1 0 0 1 0 1 1 0 1 1 1 0 0 0 0 1 0 0 1 1 0 1 0 0 0 0 1 1 0 0 0 0 1 0 0 0 1 1 1 1 1 0 1 0 0 1 0 1 0 1 1 
1 0 0 1 1 0 1 0 0 0 0 1 1 0 0 1 1 0 1 0 0 1 1 0 1 0 1 0 0 0 0 0 0 0 1 1 0 0 1 0 1 0 0 0 0 0 1 1 1 1 1 0 0 1 1 1 0 0 0 0 0 1 1 1 
0 0 1 1 0 0 1 0 0 1 0 0 1 1 0 1 0 0 1 1 0 1 1 1 0 1 1 1 0 0 0 1 1 0 1 1 0 0 0 0 1 1 1 1 1 1 1 0 0 1 0 1 1 1 0 1 1 0 0 0 0 0 1 1 
0 1 1 1 1 1 0 0 1 1 0 1 0 1 1 1 1 0 0 0 1 0 1 0 1 0 1 0 0 0 0 0 1 1 1 1 0 0 0 0 0 0 1 0 1 0 0 1 1 1 0 0 0 1 0 1 0 0 0 1 0 0 1 0 
0 1 1 1 1 1 1 1 1 0 1 1 1 1 1 1 1 1 1 1 0 0 1 1 1 1 0 1 0 0 0 0 1 1 1 0 0 0 1 1 1 0 0 0 1 0 1 0 0 0 0 1 1 0 0 1 0 1 0 1 1 1 1 0 
1 0 0 1 0 0 1 1 1 1 0 0 1 0 1 1 0 0 0 1 1 1 0 0 1 1 0 1 1 0 1 0 1 0 1 0 1 0 0 0 1 0 0 1 0 1 0 0 0 0 1 1 0 0 0 1 0 1 0 1 1 0 0 0 
0 1 1 0 1 0 1 1 1 1 0 0 0 1 1 1 0 0 0 0 1 1 1 1 1 1 0 0 1 0 0 0 0 1 0 1 1 0 0 1 1 1 1 1 0 1 1 1 1 0 1 0 1 0 0 1 1 1 0 0 0 0 0 0 
0 1 0 1 1 1 0 1 0 1 1 0 0 0 1 0 1 0 1 0 0 1 1 1 0 0 0 1 0 1 1 1 0 1 0 0 0 0 1 1 1 1 0 0 1 0 0 0 1 1 0 1 1 0 0 0 0 1 0 1 1 1 0 1 
1 1 0 0 0 1 0 0 0 0 1 0 0 1 1 1 1 1 0 0 1 0 1 1 0 0 0 1 1 0 1 0 0 1 0 1 1 0 1 0 1 0 1 1 1 1 1 0 0 1 0 0 1 1 0 0 1 0 0 1 1 1 0 1 
0 1 1 0 0 0 1 1 0 1 0 1 0 1 1 1 0 1 0 1 0 1 1 1 0 1 1 0 0 0 0 1 0 1 0 0 1 0 1 1 1 0 1 0 0 1 0 1 1 0 1 0 0 0 1 1 0 1 1 0 1 1 1 0 
1 0 1 0 0 1 1 0 0 1 1 1 1 0 1 0 0 0 0 1 0 1 0 1 0 1 1 1 1 1 1 0 0 1 1 0 1 0 0 1 0 0 0 1 0 1 0 0 0 0 1 0 1 0 1 1 1 1 1 1 1 1 0 0 
1 1 0 1 1 1 0 0 1 0 0 0 0 1 1 1 1 1 1 1 0 0 0 0 1 1 1 1 0 0 0 1 1 1 1 0 1 0 1 1 1 1 1 0 0 1 0 1 0 1 0 1 1 0 0 0 0 0 1 0 1 1 0 1 
