Random seeded populations, ran on 2/14/2017 5:11:40 PM
110 populations in 1473.592 seconds
0.4093312hours 24.55987minutes 1473.592 seconds
Average generations reached : 578
Highest generation reached : 1891
Lowest generation reached : 155
Longest matrix (1891 generations) : 

0 0 1 1 0 1 0 1 1 0 1 0 1 0 0 1 1 0 1 1 0 0 0 0 0 0 1 1 0 0 0 0 1 1 1 1 1 0 1 0 1 0 1 0 0 1 1 0 1 0 1 0 1 0 0 1 1 1 0 1 1 1 1 0 
1 1 1 0 1 1 1 1 0 1 1 1 0 1 0 1 1 1 0 1 0 1 1 0 1 0 0 0 0 1 1 0 1 0 1 1 1 0 0 1 1 0 1 0 1 1 0 0 0 1 0 0 1 1 1 1 1 1 0 1 1 1 0 0 
1 1 0 1 1 0 0 1 1 1 0 1 0 0 0 0 1 0 0 0 1 1 1 0 1 0 0 1 0 0 1 0 1 1 1 1 0 0 1 1 1 0 0 1 1 1 0 1 1 1 1 1 1 1 1 1 1 0 0 1 1 1 0 1 
1 0 1 0 1 0 0 1 0 1 1 0 1 1 1 0 0 0 0 1 1 1 0 0 0 1 1 0 0 1 0 1 0 0 0 1 1 0 1 0 1 0 0 0 0 1 0 1 1 1 0 0 1 1 1 0 1 0 1 0 0 0 1 1 
0 1 0 1 0 0 0 1 0 0 1 1 1 1 1 0 1 1 1 0 1 1 1 1 1 0 1 1 1 1 1 1 0 0 0 0 0 0 0 1 0 1 1 0 1 1 0 1 0 0 0 1 1 1 1 1 1 1 1 0 1 1 0 0 
1 1 1 0 1 1 1 0 1 0 1 0 0 1 0 1 1 0 0 1 0 0 1 0 0 1 1 1 0 0 1 1 0 1 1 0 1 1 1 0 0 1 1 1 1 0 0 1 1 1 1 0 0 1 1 0 0 0 0 1 1 1 0 1 
0 0 1 0 1 1 1 1 0 1 0 0 0 0 0 0 1 1 1 0 1 1 1 1 0 1 0 1 1 1 0 0 0 0 0 0 0 0 0 0 1 0 1 0 0 1 1 0 1 0 1 0 1 1 1 0 0 0 1 0 1 0 0 1 
1 0 0 1 0 1 0 0 1 0 1 1 1 1 0 0 1 0 0 1 0 1 0 1 1 0 1 0 0 1 1 0 1 1 1 1 1 0 1 1 0 1 1 0 1 0 0 1 1 0 0 1 0 1 1 0 1 0 1 0 0 0 1 1 
1 0 0 1 1 0 0 0 0 0 0 0 0 0 0 1 1 0 0 1 0 1 1 1 0 0 0 1 0 0 1 0 1 1 0 1 0 0 0 1 1 0 0 1 1 0 0 0 1 1 0 0 0 0 1 1 0 1 1 0 0 1 0 1 
0 0 0 1 0 0 0 1 0 1 0 1 1 1 1 0 0 0 1 1 1 0 1 1 0 0 1 1 1 0 0 1 1 0 1 0 1 0 1 1 1 1 0 1 0 0 0 0 0 1 0 1 0 0 0 0 1 0 1 1 1 0 0 1 
1 1 0 1 1 0 1 0 0 0 1 1 0 1 1 1 1 1 0 0 1 0 1 0 0 1 0 1 1 0 1 1 1 1 0 0 0 0 0 0 0 1 0 1 1 0 1 0 0 0 0 0 0 0 0 0 0 1 0 1 1 0 0 1 
1 1 0 1 1 0 0 1 0 0 1 1 0 0 1 0 1 0 1 1 0 0 1 1 0 0 1 1 0 1 0 0 0 0 0 1 0 1 0 1 1 0 0 0 0 1 1 1 1 0 0 0 0 0 1 1 0 0 0 1 0 0 0 0 
1 1 0 0 0 0 0 0 1 1 0 0 0 1 1 1 0 0 0 0 0 1 1 0 1 0 0 0 1 0 1 0 1 0 1 0 1 0 1 0 0 0 0 0 0 0 0 0 0 0 1 1 1 0 1 0 1 1 1 1 0 0 0 1 
0 1 0 0 1 0 1 1 0 0 1 1 1 1 0 0 1 1 0 0 0 0 0 1 0 1 0 0 1 1 1 1 0 0 1 1 1 0 1 1 1 0 0 1 1 0 1 0 0 1 0 0 1 0 0 1 1 0 0 0 1 1 0 1 
0 0 0 0 1 1 0 1 1 0 1 0 0 0 1 0 1 1 1 0 1 0 0 0 0 0 0 0 0 1 1 1 1 0 0 0 1 1 1 0 0 1 0 0 1 0 1 1 0 1 1 1 0 1 0 0 0 1 0 0 1 0 0 0 
0 1 1 0 0 0 1 1 1 0 0 1 1 0 1 0 0 1 0 1 0 1 0 0 1 1 0 1 0 0 1 1 1 1 1 0 1 1 0 0 0 0 0 0 1 0 0 0 0 0 1 1 0 0 1 1 0 1 1 1 1 0 0 1 
1 0 1 1 0 1 0 1 0 1 0 1 1 1 1 1 1 1 1 0 0 0 1 1 1 0 0 0 1 1 0 1 1 0 1 0 0 1 1 1 0 0 0 1 0 1 0 0 1 0 0 1 1 1 0 0 1 1 0 1 1 0 0 1 
1 1 0 0 0 0 0 1 0 0 0 0 1 1 0 1 0 1 0 1 0 0 0 0 1 1 0 0 0 0 1 1 0 1 1 1 0 0 0 0 1 0 0 1 0 1 1 0 1 1 1 0 0 1 1 0 1 1 1 0 1 1 1 0 
1 0 0 0 1 0 1 0 1 0 1 1 0 0 1 0 1 1 0 0 1 1 1 0 0 0 1 1 0 1 1 1 0 1 0 1 0 1 1 0 0 1 0 1 0 1 0 1 0 0 1 0 1 0 0 1 0 0 1 0 1 1 0 1 
0 0 0 1 1 1 0 1 0 0 1 0 0 0 0 0 0 1 1 0 0 1 0 1 1 0 1 1 1 0 1 1 0 0 1 0 1 0 0 0 1 0 0 0 1 0 0 1 0 0 0 1 1 0 1 1 1 0 0 0 1 1 1 0 
1 0 1 1 0 0 1 0 0 1 0 1 0 1 1 0 1 0 0 0 0 0 1 0 1 0 0 1 1 1 1 0 0 1 1 0 0 1 0 1 0 1 1 0 0 0 1 0 0 0 0 1 1 1 0 0 0 0 0 1 0 1 0 0 
1 1 0 0 0 1 0 1 1 0 1 1 1 1 1 0 0 0 0 1 0 0 1 0 0 1 1 1 0 0 0 0 0 1 1 0 1 0 1 1 1 0 0 0 1 1 1 0 0 1 1 0 0 1 0 0 0 0 1 0 0 0 1 1 
1 1 0 1 0 0 0 1 1 0 1 1 0 0 1 1 0 0 1 0 1 1 1 1 0 0 1 0 0 1 0 0 1 1 0 0 1 1 1 0 1 0 0 0 1 0 1 1 0 1 1 1 0 0 1 0 0 1 1 1 1 1 0 0 
0 0 0 0 0 0 1 1 0 0 1 1 1 0 0 0 0 0 1 1 0 1 0 0 0 1 1 0 0 1 1 0 0 1 0 1 1 0 0 0 1 0 0 1 0 1 0 1 0 0 0 0 0 1 1 0 0 0 1 0 0 0 0 1 
0 0 0 0 0 0 1 1 1 1 1 0 1 0 1 1 1 0 0 0 0 0 1 1 1 0 1 1 0 0 0 1 1 0 0 0 1 0 1 0 0 0 0 1 0 1 1 0 0 0 1 0 1 0 0 1 1 0 1 1 1 0 1 0 
1 0 1 1 1 0 0 1 0 0 1 1 1 0 1 0 1 0 1 1 0 1 0 1 1 1 0 1 0 0 0 1 1 1 0 0 0 1 1 1 0 0 0 1 0 1 0 0 1 0 1 0 0 0 1 1 1 1 0 1 0 0 1 0 
1 1 1 1 0 1 0 0 0 0 1 1 0 1 0 0 1 0 1 1 1 0 0 1 1 1 0 1 0 0 1 0 1 1 0 0 0 1 1 1 0 1 0 0 1 1 0 1 1 1 1 1 1 0 0 1 0 0 0 1 0 1 1 0 
0 0 0 0 1 1 0 0 0 0 1 0 0 1 0 1 0 1 0 0 1 0 1 1 0 0 1 0 0 1 1 1 0 0 0 1 0 0 1 1 0 0 1 1 1 1 0 0 0 0 1 0 1 0 1 0 0 0 1 0 1 0 0 1 
0 0 0 0 1 0 1 0 1 1 0 0 1 1 1 0 1 1 0 0 1 1 0 1 1 0 0 0 1 1 0 0 0 0 0 0 0 1 1 0 1 0 1 1 0 1 1 1 1 1 0 1 0 0 1 1 1 0 1 0 0 1 1 1 
1 0 0 1 0 1 0 1 1 1 1 0 0 1 0 1 0 0 0 1 0 1 0 0 0 0 1 0 0 1 0 0 0 1 1 1 1 1 0 0 1 0 0 0 1 1 1 1 0 1 0 1 1 1 1 1 1 0 1 1 0 1 0 1 
1 0 0 1 0 1 1 1 1 1 1 0 0 1 0 0 1 1 1 1 1 0 0 0 0 0 1 1 1 0 1 0 0 0 0 1 1 1 0 1 1 1 1 0 1 1 0 0 0 0 0 1 1 0 0 0 1 1 1 0 1 1 0 0 
1 1 0 0 0 1 1 1 0 0 0 0 1 1 0 1 1 1 0 1 1 0 0 1 0 1 1 1 1 0 0 0 0 1 1 0 1 1 0 1 1 0 1 1 1 0 1 0 1 1 0 0 0 0 0 0 0 1 0 1 1 1 1 0 
1 0 0 0 1 1 0 1 0 1 1 1 1 1 1 1 1 0 1 1 0 0 1 1 0 1 0 1 1 0 0 0 0 0 0 0 0 1 1 1 0 1 1 0 0 1 0 1 1 1 0 0 0 1 0 1 1 1 1 1 1 0 1 0 
0 1 1 1 1 0 1 0 0 0 0 0 1 0 1 0 1 0 1 1 0 1 1 1 0 1 1 0 1 0 0 0 0 0 0 1 0 0 1 0 0 0 1 1 1 1 0 1 1 1 1 0 1 1 1 0 1 0 1 0 0 1 1 1 
0 1 1 0 0 0 0 0 1 1 1 0 1 0 0 0 0 0 0 1 1 1 0 1 1 1 0 1 1 1 0 0 0 1 1 0 0 1 1 1 0 1 0 0 0 0 0 0 1 1 0 1 0 1 1 1 0 0 0 1 0 1 1 1 
0 1 1 1 1 1 0 0 0 1 0 1 0 0 0 1 1 1 1 1 1 0 1 0 1 1 0 0 0 0 1 0 0 1 0 1 1 1 1 0 0 1 0 1 0 1 0 1 0 0 0 0 0 1 0 0 0 1 1 1 0 0 1 0 
1 0 0 1 0 0 0 1 0 0 0 1 0 0 0 1 1 1 0 0 1 1 0 0 1 0 0 0 0 1 1 1 0 1 1 1 0 0 1 1 0 0 0 1 1 1 1 1 1 0 1 1 0 0 0 1 0 1 1 0 1 1 0 0 
1 0 0 1 1 0 0 0 1 0 0 1 0 0 0 0 0 0 1 0 1 1 0 1 0 1 1 0 1 0 1 0 1 0 1 1 1 0 0 0 1 1 1 1 0 1 0 0 0 0 0 1 1 0 0 0 0 0 1 1 0 1 1 1 
1 0 0 0 1 1 1 0 1 1 0 1 0 1 1 1 0 1 1 1 0 1 0 1 1 0 0 1 1 0 0 0 1 0 0 0 1 1 1 1 0 1 1 1 0 1 0 0 1 0 0 0 0 1 0 1 0 0 0 1 1 1 0 1 
0 1 1 0 1 0 0 1 1 0 1 1 1 1 0 0 1 1 0 0 0 1 0 1 0 0 0 0 1 1 1 0 0 1 0 0 1 1 1 0 1 1 1 1 1 1 0 0 1 0 0 1 0 0 1 0 0 0 1 1 0 0 1 1 
1 1 0 1 0 1 0 0 0 1 1 1 0 1 1 1 1 1 0 1 1 0 1 0 1 1 0 0 1 1 0 0 1 1 1 1 1 1 1 1 0 1 1 0 0 1 0 1 1 0 1 0 0 0 0 0 0 1 1 0 1 1 0 1 
1 0 0 0 1 0 0 0 1 0 1 0 1 0 0 0 1 0 0 0 1 1 0 0 1 1 1 1 1 1 1 0 0 1 0 1 1 0 1 1 0 0 0 0 0 1 0 1 1 1 0 1 0 1 0 0 1 1 1 0 0 1 0 1 
0 0 0 0 0 0 1 0 0 0 1 1 1 0 1 1 0 1 1 0 1 0 1 0 0 0 1 0 1 1 1 1 0 1 0 1 0 1 0 1 0 1 0 0 0 0 0 1 0 0 1 0 1 1 1 0 0 1 0 1 1 1 1 0 
1 0 0 0 1 0 1 0 0 1 0 0 0 0 0 1 1 1 0 0 1 1 0 0 0 1 0 1 1 1 1 0 0 1 1 1 0 0 1 1 0 0 1 0 0 0 0 1 0 1 1 1 1 1 0 0 0 1 0 1 1 0 0 0 
1 0 1 1 1 0 0 1 0 1 1 1 1 1 1 0 0 0 0 0 0 0 0 1 0 1 1 1 0 0 0 1 0 0 0 0 1 1 1 0 0 0 0 0 0 1 0 1 1 0 0 1 1 0 0 1 0 1 1 1 1 0 0 0 
1 1 1 1 1 0 0 1 1 1 0 0 0 0 0 0 1 1 0 0 0 0 0 1 0 0 0 0 1 1 0 0 0 1 1 0 0 1 1 1 0 1 1 1 0 0 1 0 1 0 0 0 1 0 0 1 0 0 0 1 1 0 0 0 
0 0 0 0 1 0 0 0 0 0 1 1 1 0 0 1 1 0 0 0 0 0 1 1 1 0 0 0 0 1 0 1 1 0 1 0 1 1 0 0 1 0 1 1 1 1 1 0 0 1 0 1 0 1 0 0 0 0 1 0 0 0 0 0 
1 0 0 1 0 0 0 0 0 0 0 0 0 0 1 0 0 0 0 1 0 1 0 0 0 0 0 1 0 1 1 1 0 0 0 1 0 0 0 1 1 1 0 1 0 0 1 1 0 1 1 0 0 1 0 1 1 1 0 0 0 0 1 1 
0 1 0 0 0 0 1 0 0 1 1 1 1 1 0 1 0 0 1 1 0 0 0 1 1 0 0 0 1 0 1 0 1 1 0 1 1 0 0 1 0 1 0 1 0 0 0 1 1 1 1 1 1 1 0 0 0 0 0 0 1 0 0 0 
0 0 1 0 0 1 1 0 1 0 1 1 0 1 1 0 0 0 0 1 0 0 1 1 0 1 1 1 0 0 0 1 1 1 1 0 1 0 0 1 1 1 1 0 1 1 1 1 1 1 0 0 0 1 1 0 1 1 1 1 0 0 0 0 
0 1 0 0 1 1 1 1 1 1 1 1 1 0 0 0 1 1 0 0 0 1 1 0 0 1 1 1 0 0 1 0 1 1 1 1 0 1 1 1 0 1 0 1 0 1 0 1 0 0 1 0 0 1 1 1 0 1 1 0 0 1 1 0 
1 0 1 0 1 0 0 1 0 1 1 0 0 1 1 1 0 0 1 0 0 0 0 0 1 0 1 1 1 0 0 0 0 1 0 1 1 0 1 0 0 1 0 1 1 0 1 0 1 1 0 1 1 0 0 1 0 0 0 1 0 1 1 0 
1 1 0 1 0 0 1 1 0 1 0 1 1 1 1 0 1 0 0 0 0 0 1 0 0 0 0 1 0 1 0 0 1 0 0 0 1 1 1 1 0 0 1 1 1 0 1 0 1 0 0 1 0 0 1 0 1 1 1 0 0 1 0 0 
1 1 0 0 0 0 0 0 1 1 1 0 1 1 1 1 0 0 0 1 1 1 0 1 1 1 0 0 0 0 0 1 0 0 1 0 0 1 0 0 1 0 0 1 0 1 0 0 1 0 1 0 0 0 1 0 1 1 0 0 0 1 1 0 
1 0 0 1 0 1 0 0 1 1 0 1 1 0 1 0 0 1 1 1 1 0 1 0 0 0 1 1 0 1 0 1 0 0 1 1 1 0 0 1 1 0 1 0 0 0 0 0 1 1 0 1 0 1 1 1 0 0 1 0 0 1 0 0 
1 1 1 1 1 0 0 0 0 0 1 0 1 1 0 1 0 1 0 0 1 0 1 1 1 0 1 0 0 0 1 0 0 1 0 1 1 0 1 0 0 0 0 1 0 0 0 0 1 0 1 0 0 0 0 1 0 0 1 0 1 0 1 1 
0 1 0 0 1 0 1 0 1 0 0 1 1 0 0 0 1 0 0 0 1 0 1 0 0 1 0 0 1 0 1 1 1 0 1 0 1 0 1 0 1 1 1 0 1 0 0 0 0 1 0 1 1 0 0 1 0 0 0 0 1 0 1 0 
0 1 0 0 0 0 1 0 1 1 1 1 1 0 0 1 1 0 0 1 1 1 1 1 0 0 0 0 0 1 1 0 1 1 1 0 0 1 1 1 0 0 1 0 0 0 0 1 1 1 1 1 0 0 1 1 0 1 0 0 1 1 0 1 
0 1 1 0 0 1 1 1 1 1 1 0 1 1 0 1 1 0 0 1 1 0 0 0 0 0 1 0 1 0 1 0 1 1 0 1 0 1 0 1 0 0 1 1 1 1 0 0 1 0 0 0 1 0 0 0 0 1 0 1 1 0 1 0 
0 1 0 0 0 0 0 0 0 0 1 0 1 1 0 1 1 0 0 0 1 1 0 0 1 1 1 1 1 0 1 0 1 0 0 0 0 1 0 1 0 0 0 0 0 0 1 0 1 0 0 1 1 0 1 1 1 1 1 1 0 0 0 1 
1 1 0 0 1 0 0 0 0 0 0 0 1 1 1 1 0 1 1 1 0 1 1 0 1 0 1 0 1 0 1 0 0 0 1 0 1 0 1 0 0 1 1 0 1 1 1 1 0 0 1 1 0 0 1 0 0 0 0 0 0 1 0 0 
0 1 1 1 0 0 0 0 0 0 1 1 1 1 1 0 1 1 0 1 0 0 1 1 0 0 0 0 0 1 0 1 1 1 1 0 0 0 0 1 0 1 1 1 1 0 0 0 0 0 1 1 0 1 1 1 0 1 1 1 1 0 1 1 
0 1 0 0 0 0 0 0 1 0 1 1 0 1 0 1 1 0 1 1 0 0 0 0 1 1 1 0 0 0 1 0 1 0 1 1 1 0 0 0 0 0 1 0 1 0 0 0 1 0 0 0 0 0 1 0 1 1 0 1 1 0 0 0 
0 0 0 1 0 1 1 1 1 0 1 0 1 0 0 0 0 0 1 0 1 0 0 1 0 0 0 1 0 0 0 0 0 1 1 1 0 1 0 0 1 0 0 1 1 1 0 0 1 0 0 1 0 1 1 0 0 0 1 0 1 0 0 1 

Shortest matrix (155 generations) : 

0 0 1 1 0 1 0 1 1 0 1 0 1 0 0 1 1 0 1 1 0 0 0 0 0 0 1 1 0 0 0 0 1 1 1 1 1 0 1 0 1 0 1 0 0 1 1 0 1 0 1 0 1 0 0 1 1 1 0 1 1 1 1 0 
1 1 1 0 1 1 1 1 0 1 1 1 0 1 0 1 1 1 0 1 0 1 1 0 1 0 0 0 0 1 1 0 1 0 1 1 1 0 0 1 1 0 1 0 1 1 0 0 0 1 0 0 1 1 1 1 1 1 0 1 1 1 0 0 
1 1 0 1 1 0 0 1 1 1 0 1 0 0 0 0 1 0 0 0 1 1 1 0 1 0 0 1 0 0 1 0 1 1 1 1 0 0 1 1 1 0 0 1 1 1 0 1 1 1 1 1 1 1 1 1 1 0 0 1 1 1 0 1 
1 0 1 0 1 0 0 1 0 1 1 0 1 1 1 0 0 0 0 1 1 1 0 0 0 1 1 0 0 1 0 1 0 0 0 1 1 0 1 0 1 0 0 0 0 1 0 1 1 1 0 0 1 1 1 0 1 0 1 0 0 0 1 1 
0 1 0 1 0 0 0 1 0 0 1 1 1 1 1 0 1 1 1 0 1 1 1 1 1 0 1 1 1 1 1 1 0 0 0 0 0 0 0 1 0 1 1 0 1 1 0 1 0 0 0 1 1 1 1 1 1 1 1 0 1 1 0 0 
1 1 1 0 1 1 1 0 1 0 1 0 0 1 0 1 1 0 0 1 0 0 1 0 0 1 1 1 0 0 1 1 0 1 1 0 1 1 1 0 0 1 1 1 1 0 0 1 1 1 1 0 0 1 1 0 0 0 0 1 1 1 0 1 
0 0 1 0 1 1 1 1 0 1 0 0 0 0 0 0 1 1 1 0 1 1 1 1 0 1 0 1 1 1 0 0 0 0 0 0 0 0 0 0 1 0 1 0 0 1 1 0 1 0 1 0 1 1 1 0 0 0 1 0 1 0 0 1 
1 0 0 1 0 1 0 0 1 0 1 1 1 1 0 0 1 0 0 1 0 1 0 1 1 0 1 0 0 1 1 0 1 1 1 1 1 0 1 1 0 1 1 0 1 0 0 1 1 0 0 1 0 1 1 0 1 0 1 0 0 0 1 1 
1 0 0 1 1 0 0 0 0 0 0 0 0 0 0 1 1 0 0 1 0 1 1 1 0 0 0 1 0 0 1 0 1 1 0 1 0 0 0 1 1 0 0 1 1 0 0 0 1 1 0 0 0 0 1 1 0 1 1 0 0 1 0 1 
0 0 0 1 0 0 0 1 0 1 0 1 1 1 1 0 0 0 1 1 1 0 1 1 0 0 1 1 1 0 0 1 1 0 1 0 1 0 1 1 1 1 0 1 0 0 0 0 0 1 0 1 0 0 0 0 1 0 1 1 1 0 0 1 
1 1 0 1 1 0 1 0 0 0 1 1 0 1 1 1 1 1 0 0 1 0 1 0 0 1 0 1 1 0 1 1 1 1 0 0 0 0 0 0 0 1 0 1 1 0 1 0 0 0 0 0 0 0 0 0 0 1 0 1 1 0 0 1 
1 1 0 1 1 0 0 1 0 0 1 1 0 0 1 0 1 0 1 1 0 0 1 1 0 0 1 1 0 1 0 0 0 0 0 1 0 1 0 1 1 0 0 0 0 1 1 1 1 0 0 0 0 0 1 1 0 0 0 1 0 0 0 0 
1 1 0 0 0 0 0 0 1 1 0 0 0 1 1 1 0 0 0 0 0 1 1 0 1 0 0 0 1 0 1 0 1 0 1 0 1 0 1 0 0 0 0 0 0 0 0 0 0 0 1 1 1 0 1 0 1 1 1 1 0 0 0 1 
0 1 0 0 1 0 1 1 0 0 1 1 1 1 0 0 1 1 0 0 0 0 0 1 0 1 0 0 1 1 1 1 0 0 1 1 1 0 1 1 1 0 0 1 1 0 1 0 0 1 0 0 1 0 0 1 1 0 0 0 1 1 0 1 
0 0 0 0 1 1 0 1 1 0 1 0 0 0 1 0 1 1 1 0 1 0 0 0 0 0 0 0 0 1 1 1 1 0 0 0 1 1 1 0 0 1 0 0 1 0 1 1 0 1 1 1 0 1 0 0 0 1 0 0 1 0 0 0 
0 1 1 0 0 0 1 1 1 0 0 1 1 0 1 0 0 1 0 1 0 1 0 0 1 1 0 1 0 0 1 1 1 1 1 0 1 1 0 0 0 0 0 0 1 0 0 0 0 0 1 1 0 0 1 1 0 1 1 1 1 0 0 1 
1 0 1 1 0 1 0 1 0 1 0 1 1 1 1 1 1 1 1 0 0 0 1 1 1 0 0 0 1 1 0 1 1 0 1 0 0 1 1 1 0 0 0 1 0 1 0 0 1 0 0 1 1 1 0 0 1 1 0 1 1 0 0 1 
1 1 0 0 0 0 0 1 0 0 0 0 1 1 0 1 0 1 0 1 0 0 0 0 1 1 0 0 0 0 1 1 0 1 1 1 0 0 0 0 1 0 0 1 0 1 1 0 1 1 1 0 0 1 1 0 1 1 1 0 1 1 1 0 
1 0 0 0 1 0 1 0 1 0 1 1 0 0 1 0 1 1 0 0 1 1 1 0 0 0 1 1 0 1 1 1 0 1 0 1 0 1 1 0 0 1 0 1 0 1 0 1 0 0 1 0 1 0 0 1 0 0 1 0 1 1 0 1 
0 0 0 1 1 1 0 1 0 0 1 0 0 0 0 0 0 1 1 0 0 1 0 1 1 0 1 1 1 0 1 1 0 0 1 0 1 0 0 0 1 0 0 0 1 0 0 1 0 0 0 1 1 0 1 1 1 0 0 0 1 1 1 0 
1 0 1 1 0 0 1 0 0 1 0 1 0 1 1 0 1 0 0 0 0 0 1 0 1 0 0 1 1 1 1 0 0 1 1 0 0 1 0 1 0 1 1 0 0 0 1 0 0 0 0 1 1 1 0 0 0 0 0 1 0 1 0 0 
1 1 0 0 0 1 0 1 1 0 1 1 1 1 1 0 0 0 0 1 0 0 1 0 0 1 1 1 0 0 0 0 0 1 1 0 1 0 1 1 1 0 0 0 1 1 1 0 0 1 1 0 0 1 0 0 0 0 1 0 0 0 1 1 
1 1 0 1 0 0 0 1 1 0 1 1 0 0 1 1 0 0 1 0 1 1 1 1 0 0 1 0 0 1 0 0 1 1 0 0 1 1 1 0 1 0 0 0 1 0 1 1 0 1 1 1 0 0 1 0 0 1 1 1 1 1 0 0 
0 0 0 0 0 0 1 1 0 0 1 1 1 0 0 0 0 0 1 1 0 1 0 0 0 1 1 0 0 1 1 0 0 1 0 1 1 0 0 0 1 0 0 1 0 1 0 1 0 0 0 0 0 1 1 0 0 0 1 0 0 0 0 1 
0 0 0 0 0 0 1 1 1 1 1 0 1 0 1 1 1 0 0 0 0 0 1 1 1 0 1 1 0 0 0 1 1 0 0 0 1 0 1 0 0 0 0 1 0 1 1 0 0 0 1 0 1 0 0 1 1 0 1 1 1 0 1 0 
1 0 1 1 1 0 0 1 0 0 1 1 1 0 1 0 1 0 1 1 0 1 0 1 1 1 0 1 0 0 0 1 1 1 0 0 0 1 1 1 0 0 0 1 0 1 0 0 1 0 1 0 0 0 1 1 1 1 0 1 0 0 1 0 
1 1 1 1 0 1 0 0 0 0 1 1 0 1 0 0 1 0 1 1 1 0 0 1 1 1 0 1 0 0 1 0 1 1 0 0 0 1 1 1 0 1 0 0 1 1 0 1 1 1 1 1 1 0 0 1 0 0 0 1 0 1 1 0 
0 0 0 0 1 1 0 0 0 0 1 0 0 1 0 1 0 1 0 0 1 0 1 1 0 0 1 0 0 1 1 1 0 0 0 1 0 0 1 1 0 0 1 1 1 1 0 0 0 0 1 0 1 0 1 0 0 0 1 0 1 0 0 1 
0 0 0 0 1 0 1 0 1 1 0 0 1 1 1 0 1 1 0 0 1 1 0 1 1 0 0 0 1 1 0 0 0 0 0 0 0 1 1 0 1 0 1 1 0 1 1 1 1 1 0 1 0 0 1 1 1 0 1 0 0 1 1 1 
1 0 0 1 0 1 0 1 1 1 1 0 0 1 0 1 0 0 0 1 0 1 0 0 0 0 1 0 0 1 0 0 0 1 1 1 1 1 0 0 1 0 0 0 1 1 1 1 0 1 0 1 1 1 1 1 1 0 1 1 0 1 0 1 
1 0 0 1 0 1 1 1 1 1 1 0 0 1 0 0 1 1 1 1 1 0 0 0 0 0 1 1 1 0 1 0 0 0 0 1 1 1 0 1 1 1 1 0 1 1 0 0 0 0 0 1 1 0 0 0 1 1 1 0 1 1 0 0 
1 1 0 0 0 1 1 1 0 0 0 0 1 1 0 1 1 1 0 1 1 0 0 1 0 1 1 1 1 0 0 0 0 1 1 0 1 1 0 1 1 0 1 1 1 0 1 0 1 1 0 0 0 0 0 0 0 1 0 1 1 1 1 0 
1 0 0 0 1 1 0 1 0 1 1 1 1 1 1 1 1 0 1 1 0 0 1 1 0 1 0 1 1 0 0 0 0 0 0 0 0 1 1 1 0 1 1 0 0 1 0 1 1 1 0 0 0 1 0 1 1 1 1 1 1 0 1 0 
0 1 1 1 1 0 1 0 0 0 0 0 1 0 1 0 1 0 1 1 0 1 1 1 0 1 1 0 1 0 0 0 0 0 0 1 0 0 1 0 0 0 1 1 1 1 0 1 1 1 1 0 1 1 1 0 1 0 1 0 0 1 1 1 
0 1 1 0 0 0 0 0 1 1 1 0 1 0 0 0 0 0 0 1 1 1 0 1 1 1 0 1 1 1 0 0 0 1 1 0 0 1 1 1 0 1 0 0 0 0 0 0 1 1 0 1 0 1 1 1 0 0 0 1 0 1 1 1 
0 1 1 1 1 1 0 0 0 1 0 1 0 0 0 1 1 1 1 1 1 0 1 0 1 1 0 0 0 0 1 0 0 1 0 1 1 1 1 0 0 1 0 1 0 1 0 1 0 0 0 0 0 1 0 0 0 1 1 1 0 0 1 0 
1 0 0 1 0 0 0 1 0 0 0 1 0 0 0 1 1 1 0 0 1 1 0 0 1 0 0 0 0 1 1 1 0 1 1 1 0 0 1 1 0 0 0 1 1 1 1 1 1 0 1 1 0 0 0 1 0 1 1 0 1 1 0 0 
1 0 0 1 1 0 0 0 1 0 0 1 0 0 0 0 0 0 1 0 1 1 0 1 0 1 1 0 1 0 1 0 1 0 1 1 1 0 0 0 1 1 1 1 0 1 0 0 0 0 0 1 1 0 0 0 0 0 1 1 0 1 1 1 
1 0 0 0 1 1 1 0 1 1 0 1 0 1 1 1 0 1 1 1 0 1 0 1 1 0 0 1 1 0 0 0 1 0 0 0 1 1 1 1 0 1 1 1 0 1 0 0 1 0 0 0 0 1 0 1 0 0 0 1 1 1 0 1 
0 1 1 0 1 0 0 1 1 0 1 1 1 1 0 0 1 1 0 0 0 1 0 1 0 0 0 0 1 1 1 0 0 1 0 0 1 1 1 0 1 1 1 1 1 1 0 0 1 0 0 1 0 0 1 0 0 0 1 1 0 0 1 1 
1 1 0 1 0 1 0 0 0 1 1 1 0 1 1 1 1 1 0 1 1 0 1 0 1 1 0 0 1 1 0 0 1 1 1 1 1 1 1 1 0 1 1 0 0 1 0 1 1 0 1 0 0 0 0 0 0 1 1 0 1 1 0 1 
1 0 0 0 1 0 0 0 1 0 1 0 1 0 0 0 1 0 0 0 1 1 0 0 1 1 1 1 1 1 1 0 0 1 0 1 1 0 1 1 0 0 0 0 0 1 0 1 1 1 0 1 0 1 0 0 1 1 1 0 0 1 0 1 
0 0 0 0 0 0 1 0 0 0 1 1 1 0 1 1 0 1 1 0 1 0 1 0 0 0 1 0 1 1 1 1 0 1 0 1 0 1 0 1 0 1 0 0 0 0 0 1 0 0 1 0 1 1 1 0 0 1 0 1 1 1 1 0 
1 0 0 0 1 0 1 0 0 1 0 0 0 0 0 1 1 1 0 0 1 1 0 0 0 1 0 1 1 1 1 0 0 1 1 1 0 0 1 1 0 0 1 0 0 0 0 1 0 1 1 1 1 1 0 0 0 1 0 1 1 0 0 0 
1 0 1 1 1 0 0 1 0 1 1 1 1 1 1 0 0 0 0 0 0 0 0 1 0 1 1 1 0 0 0 1 0 0 0 0 1 1 1 0 0 0 0 0 0 1 0 1 1 0 0 1 1 0 0 1 0 1 1 1 1 0 0 0 
1 1 1 1 1 0 0 1 1 1 0 0 0 0 0 0 1 1 0 0 0 0 0 1 0 0 0 0 1 1 0 0 0 1 1 0 0 1 1 1 0 1 1 1 0 0 1 0 1 0 0 0 1 0 0 1 0 0 0 1 1 0 0 0 
0 0 0 0 1 0 0 0 0 0 1 1 1 0 0 1 1 0 0 0 0 0 1 1 1 0 0 0 0 1 0 1 1 0 1 0 1 1 0 0 1 0 1 1 1 1 1 0 0 1 0 1 0 1 0 0 0 0 1 0 0 0 0 0 
1 0 0 1 0 0 0 0 0 0 0 0 0 0 1 0 0 0 0 1 0 1 0 0 0 0 0 1 0 1 1 1 0 0 0 1 0 0 0 1 1 1 0 1 0 0 1 1 0 1 1 0 0 1 0 1 1 1 0 0 0 0 1 1 
0 1 0 0 0 0 1 0 0 1 1 1 1 1 0 1 0 0 1 1 0 0 0 1 1 0 0 0 1 0 1 0 1 1 0 1 1 0 0 1 0 1 0 1 0 0 0 1 1 1 1 1 1 1 0 0 0 0 0 0 1 0 0 0 
0 0 1 0 0 1 1 0 1 0 1 1 0 1 1 0 0 0 0 1 0 0 1 1 0 1 1 1 0 0 0 1 1 1 1 0 1 0 0 1 1 1 1 0 1 1 1 1 1 1 0 0 0 1 1 0 1 1 1 1 0 0 0 0 
0 1 0 0 1 1 1 1 1 1 1 1 1 0 0 0 1 1 0 0 0 1 1 0 0 1 1 1 0 0 1 0 1 1 1 1 0 1 1 1 0 1 0 1 0 1 0 1 0 0 1 0 0 1 1 1 0 1 1 0 0 1 1 0 
1 0 1 0 1 0 0 1 0 1 1 0 0 1 1 1 0 0 1 0 0 0 0 0 1 0 1 1 1 0 0 0 0 1 0 1 1 0 1 0 0 1 0 1 1 0 1 0 1 1 0 1 1 0 0 1 0 0 0 1 0 1 1 0 
1 1 0 1 0 0 1 1 0 1 0 1 1 1 1 0 1 0 0 0 0 0 1 0 0 0 0 1 0 1 0 0 1 0 0 0 1 1 1 1 0 0 1 1 1 0 1 0 1 0 0 1 0 0 1 0 1 1 1 0 0 1 0 0 
1 1 0 0 0 0 0 0 1 1 1 0 1 1 1 1 0 0 0 1 1 1 0 1 1 1 0 0 0 0 0 1 0 0 1 0 0 1 0 0 1 0 0 1 0 1 0 0 1 0 1 0 0 0 1 0 1 1 0 0 0 1 1 0 
1 0 0 1 0 1 0 0 1 1 0 1 1 0 1 0 0 1 1 1 1 0 1 0 0 0 1 1 0 1 0 1 0 0 1 1 1 0 0 1 1 0 1 0 0 0 0 0 1 1 0 1 0 1 1 1 0 0 1 0 0 1 0 0 
1 1 1 1 1 0 0 0 0 0 1 0 1 1 0 1 0 1 0 0 1 0 1 1 1 0 1 0 0 0 1 0 0 1 0 1 1 0 1 0 0 0 0 1 0 0 0 0 1 0 1 0 0 0 0 1 0 0 1 0 1 0 1 1 
0 1 0 0 1 0 1 0 1 0 0 1 1 0 0 0 1 0 0 0 1 0 1 0 0 1 0 0 1 0 1 1 1 0 1 0 1 0 1 0 1 1 1 0 1 0 0 0 0 1 0 1 1 0 0 1 0 0 0 0 1 0 1 0 
0 1 0 0 0 0 1 0 1 1 1 1 1 0 0 1 1 0 0 1 1 1 1 1 0 0 0 0 0 1 1 0 1 1 1 0 0 1 1 1 0 0 1 0 0 0 0 1 1 1 1 1 0 0 1 1 0 1 0 0 1 1 0 1 
0 1 1 0 0 1 1 1 1 1 1 0 1 1 0 1 1 0 0 1 1 0 0 0 0 0 1 0 1 0 1 0 1 1 0 1 0 1 0 1 0 0 1 1 1 1 0 0 1 0 0 0 1 0 0 0 0 1 0 1 1 0 1 0 
0 1 0 0 0 0 0 0 0 0 1 0 1 1 0 1 1 0 0 0 1 1 0 0 1 1 1 1 1 0 1 0 1 0 0 0 0 1 0 1 0 0 0 0 0 0 1 0 1 0 0 1 1 0 1 1 1 1 1 1 0 0 0 1 
1 1 0 0 1 0 0 0 0 0 0 0 1 1 1 1 0 1 1 1 0 1 1 0 1 0 1 0 1 0 1 0 0 0 1 0 1 0 1 0 0 1 1 0 1 1 1 1 0 0 1 1 0 0 1 0 0 0 0 0 0 1 0 0 
0 1 1 1 0 0 0 0 0 0 1 1 1 1 1 0 1 1 0 1 0 0 1 1 0 0 0 0 0 1 0 1 1 1 1 0 0 0 0 1 0 1 1 1 1 0 0 0 0 0 1 1 0 1 1 1 0 1 1 1 1 0 1 1 
0 1 0 0 0 0 0 0 1 0 1 1 0 1 0 1 1 0 1 1 0 0 0 0 1 1 1 0 0 0 1 0 1 0 1 1 1 0 0 0 0 0 1 0 1 0 0 0 1 0 0 0 0 0 1 0 1 1 0 1 1 0 0 0 
0 0 0 1 0 1 1 1 1 0 1 0 1 0 0 0 0 0 1 0 1 0 0 1 0 0 0 1 0 0 0 0 0 1 1 1 0 1 0 0 1 0 0 1 1 1 0 0 1 0 0 1 0 1 1 0 0 0 1 0 1 0 0 1 
